# Input file:  csum.01200.Z171479742.X71418029220.a187982123230.o0.27.s
#
# Model M/Msun age (Gyr)    R (cm)   Teff (K)  L/Lsun      Xc           qc
#
    1   1.200  0.00000   7.72418e+10  6283.3    1.723  7.14180e-01  4.7081e-03
    2   1.200  0.00063   7.72421e+10  6283.2    1.723  7.14096e-01  4.7434e-03
    3   1.200  0.02449   7.73164e+10  6284.1    1.727  7.10901e-01  4.4045e-03
    4   1.200  0.05477   7.74158e+10  6285.3    1.733  7.06815e-01  4.0087e-03
    5   1.200  0.08466   7.75144e+10  6286.6    1.739  7.02750e-01  3.6394e-03
    6   1.200  0.11417   7.76123e+10  6287.9    1.745  6.98706e-01  3.2981e-03
    7   1.200  0.14332   7.77096e+10  6289.1    1.750  6.94683e-01  2.9729e-03
    8   1.200  0.17211   7.78063e+10  6290.3    1.756  6.90681e-01  2.6683e-03
    9   1.200  0.20055   7.79024e+10  6291.4    1.762  6.86699e-01  2.3833e-03
   10   1.200  0.22864   7.79979e+10  6292.6    1.767  6.82738e-01  2.1173e-03
   11   1.200  0.25639   7.80929e+10  6293.8    1.773  6.78797e-01  1.8693e-03
   12   1.200  0.28382   7.81873e+10  6294.9    1.778  6.74876e-01  1.6387e-03
   13   1.200  0.31092   7.82811e+10  6296.0    1.784  6.70976e-01  1.4248e-03
   14   1.200  0.33770   7.83744e+10  6297.1    1.789  6.67095e-01  1.2270e-03
   15   1.200  0.36417   7.84671e+10  6298.1    1.795  6.63234e-01  1.0447e-03
   16   1.200  0.39034   7.85594e+10  6299.2    1.800  6.59393e-01  8.7747e-04
   17   1.200  0.41620   7.86510e+10  6300.2    1.806  6.55572e-01  7.2478e-04
   18   1.200  0.44177   7.87422e+10  6301.3    1.811  6.51770e-01  5.8626e-04
   19   1.200  0.46705   7.88328e+10  6302.3    1.816  6.47987e-01  4.6160e-04
   20   1.200  0.49205   7.89229e+10  6303.3    1.822  6.44224e-01  3.5058e-04
   21   1.200  0.51677   7.90125e+10  6304.2    1.827  6.40480e-01  2.5267e-04
   22   1.200  0.54121   7.91016e+10  6305.2    1.832  6.36755e-01  1.6699e-04
   23   1.200  0.56538   7.91903e+10  6306.1    1.837  6.33049e-01  9.7650e-05
   24   1.200  0.58929   7.92784e+10  6307.0    1.843  6.29363e-01  4.3506e-05
   25   1.200  0.61294   7.93660e+10  6307.9    1.848  6.25695e-01  7.4372e-06
   26   1.200  0.63633   7.94532e+10  6308.9    1.853  6.22055e-01  0.0000e+00
   27   1.200  0.66908   7.95758e+10  6310.1    1.860  6.16953e-01  0.0000e+00
   28   1.200  0.71493   7.97494e+10  6311.8    1.870  6.09774e-01  0.0000e+00
   29   1.200  0.77912   7.99956e+10  6314.2    1.885  5.99653e-01  0.0000e+00
   30   1.200  0.86898   8.03466e+10  6317.4    1.905  5.85338e-01  0.0000e+00
   31   1.200  0.97657   8.07766e+10  6321.2    1.930  5.67961e-01  0.0000e+00
   32   1.200  1.08000   8.12004e+10  6324.6    1.955  5.50993e-01  0.0000e+00
   33   1.200  1.17923   8.16170e+10  6327.8    1.979  5.34450e-01  0.0000e+00
   34   1.200  1.27440   8.20262e+10  6330.7    2.002  5.18322e-01  0.0000e+00
   35   1.200  1.36565   8.24275e+10  6333.4    2.025  5.02598e-01  0.0000e+00
   36   1.200  1.45310   8.28209e+10  6335.7    2.048  4.87270e-01  0.0000e+00
   37   1.200  1.53689   8.32060e+10  6337.9    2.070  4.72328e-01  0.0000e+00
   38   1.200  1.61715   8.35826e+10  6339.8    2.091  4.57762e-01  0.0000e+00
   39   1.200  1.69401   8.39505e+10  6341.4    2.112  4.43563e-01  0.0000e+00
   40   1.200  1.76758   8.43097e+10  6342.9    2.132  4.29723e-01  0.0000e+00
   41   1.200  1.83801   8.46599e+10  6344.1    2.151  4.16232e-01  0.0000e+00
   42   1.200  1.90540   8.50011e+10  6345.2    2.170  4.03083e-01  0.0000e+00
   43   1.200  1.96988   8.53333e+10  6346.1    2.188  3.90267e-01  0.0000e+00
   44   1.200  2.03157   8.56563e+10  6346.8    2.206  3.77776e-01  0.0000e+00
   45   1.200  2.09058   8.59703e+10  6347.4    2.223  3.65603e-01  0.0000e+00
   46   1.200  2.14701   8.62753e+10  6347.8    2.239  3.53739e-01  0.0000e+00
   47   1.200  2.20099   8.65712e+10  6348.1    2.255  3.42177e-01  0.0000e+00
   48   1.200  2.25261   8.68583e+10  6348.3    2.270  3.30909e-01  0.0000e+00
   49   1.200  2.30198   8.71365e+10  6348.3    2.285  3.19929e-01  0.0000e+00
   50   1.200  2.34920   8.74060e+10  6348.2    2.299  3.09230e-01  0.0000e+00
   51   1.200  2.39437   8.76670e+10  6348.1    2.312  2.98804e-01  0.0000e+00
   52   1.200  2.43757   8.79196e+10  6347.8    2.325  2.88645e-01  0.0000e+00
   53   1.200  2.47890   8.81640e+10  6347.5    2.338  2.78746e-01  0.0000e+00
   54   1.200  2.51845   8.84003e+10  6347.0    2.350  2.69102e-01  0.0000e+00
   55   1.200  2.55630   8.86288e+10  6346.5    2.361  2.62244e-01  6.4397e-05
   56   1.200  2.56284   8.86688e+10  6346.4    2.363  2.61209e-01  9.0583e-05
   57   1.200  2.57199   8.87246e+10  6346.3    2.366  2.59691e-01  1.2841e-04
   58   1.200  2.58284   8.87908e+10  6346.1    2.369  2.58160e-01  1.8739e-04
   59   1.200  2.59553   8.88685e+10  6345.9    2.373  2.56305e-01  2.6210e-04
   60   1.200  2.60771   8.89434e+10  6345.7    2.377  2.54527e-01  3.4061e-04
   61   1.200  2.61986   8.90183e+10  6345.5    2.380  2.52741e-01  4.2466e-04
   62   1.200  2.63187   8.90926e+10  6345.2    2.384  2.51019e-01  5.1599e-04
   63   1.200  2.64410   8.91685e+10  6345.0    2.388  2.49091e-01  6.0181e-04
   64   1.200  2.65518   8.92374e+10  6344.8    2.391  2.47234e-01  6.7473e-04
   65   1.200  2.66554   8.93020e+10  6344.5    2.394  2.45991e-01  7.8452e-04
   66   1.200  2.67995   8.93922e+10  6344.2    2.398  2.43955e-01  9.2045e-04
   67   1.200  2.69213   8.94686e+10  6343.9    2.402  2.41967e-01  1.0167e-03
   68   1.200  2.70260   8.95346e+10  6343.7    2.405  2.40744e-01  1.1455e-03
   69   1.200  2.71719   8.96267e+10  6343.3    2.410  2.38799e-01  1.3106e-03
   70   1.200  2.72990   8.97074e+10  6343.0    2.414  2.36039e-01  1.3580e-03
   71   1.200  2.73763   8.97565e+10  6342.8    2.416  2.35942e-01  1.5398e-03
   72   1.200  2.74846   8.98255e+10  6342.5    2.419  2.33511e-01  1.5750e-03
   73   1.200  2.75589   8.98729e+10  6342.2    2.421  2.32826e-01  1.6973e-03
   74   1.200  2.76628   8.99395e+10  6341.9    2.424  2.32124e-01  1.8989e-03
   75   1.200  2.78084   9.00329e+10  6341.5    2.429  2.30570e-01  2.1318e-03
   76   1.200  2.79632   9.01327e+10  6341.0    2.433  2.28467e-01  2.3390e-03
   77   1.200  2.80841   9.02110e+10  6340.6    2.437  2.26963e-01  2.5200e-03
   78   1.200  2.82155   9.02962e+10  6340.1    2.441  2.25389e-01  2.7289e-03
   79   1.200  2.82552   9.03221e+10  6340.0    2.442  2.24501e-01  2.7446e-03
   80   1.200  2.83109   9.03584e+10  6339.8    2.444  2.23142e-01  2.7545e-03
   81   1.200  2.83770   9.04016e+10  6339.6    2.446  2.21677e-01  2.7833e-03
   82   1.200  2.84497   9.04489e+10  6339.3    2.448  2.23004e-01  3.1610e-03
   83   1.200  2.85382   9.05069e+10  6339.0    2.451  2.22229e-01  3.3450e-03
   84   1.200  2.86621   9.05882e+10  6338.5    2.454  2.20762e-01  3.5608e-03
   85   1.200  2.87975   9.06774e+10  6338.0    2.458  2.19798e-01  3.8817e-03
   86   1.200  2.89872   9.08030e+10  6337.2    2.464  2.15777e-01  4.0040e-03
   87   1.200  2.90617   9.08522e+10  6336.9    2.466  2.17266e-01  4.4458e-03
   88   1.200  2.91410   9.09050e+10  6336.5    2.468  2.16662e-01  4.6388e-03
   89   1.200  2.92522   9.09793e+10  6336.1    2.472  2.13749e-01  4.5077e-03
   90   1.200  2.93120   9.10193e+10  6335.8    2.473  2.12511e-01  4.6802e-03
   91   1.200  2.93876   9.10695e+10  6335.4    2.476  2.14448e-01  5.2079e-03
   92   1.200  2.94489   9.11106e+10  6335.2    2.477  2.13993e-01  5.3667e-03
   93   1.200  2.95348   9.11684e+10  6334.8    2.480  2.12948e-01  5.5342e-03
   94   1.200  2.96550   9.12495e+10  6334.2    2.483  2.10759e-01  5.6689e-03
   95   1.200  2.97403   9.13072e+10  6333.8    2.486  2.08671e-01  5.6904e-03
   96   1.200  2.98033   9.13500e+10  6333.5    2.488  2.07244e-01  5.7215e-03
   97   1.200  2.98712   9.13954e+10  6333.1    2.490  2.10096e-01  6.3835e-03
   98   1.200  2.99082   9.14210e+10  6332.9    2.491  2.10021e-01  6.5143e-03
   99   1.200  2.99820   9.14706e+10  6332.6    2.493  2.09367e-01  6.7024e-03
  100   1.200  3.00854   9.15410e+10  6332.0    2.496  2.08320e-01  6.9508e-03
  101   1.200  3.02301   9.16399e+10  6331.2    2.500  2.06409e-01  7.2371e-03
  102   1.200  3.03461   9.17196e+10  6330.6    2.503  2.04589e-01  7.4232e-03
  103   1.200  3.04432   9.17866e+10  6330.1    2.506  2.02144e-01  7.4404e-03
  104   1.200  3.05032   9.18291e+10  6329.8    2.508  2.04046e-01  7.9730e-03
  105   1.200  3.05511   9.18609e+10  6329.5    2.509  2.04104e-01  8.1805e-03
  106   1.200  3.06183   9.19071e+10  6329.1    2.511  2.03773e-01  8.4053e-03
  107   1.200  3.07122   9.19717e+10  6328.5    2.514  2.02710e-01  8.6280e-03
  108   1.200  3.08438   9.20632e+10  6327.7    2.517  2.01772e-01  9.0329e-03
  109   1.200  3.10280   9.21919e+10  6326.5    2.523  1.98225e-01  9.2480e-03
  110   1.200  3.11054   9.22470e+10  6326.1    2.525  1.98969e-01  9.7004e-03
  111   1.200  3.12138   9.23217e+10  6325.3    2.528  1.97965e-01  1.0009e-02
  112   1.200  3.13656   9.24285e+10  6324.3    2.532  1.97129e-01  1.0539e-02
  113   1.200  3.15781   9.25795e+10  6322.8    2.538  1.92995e-01  1.0795e-02
  114   1.200  3.16534   9.26333e+10  6322.3    2.540  1.90987e-01  1.0487e-02
  115   1.200  3.17080   9.26729e+10  6322.0    2.542  1.91035e-01  1.1040e-02
  116   1.200  3.17844   9.27265e+10  6321.4    2.544  1.88992e-01  1.0736e-02
  117   1.200  3.18384   9.27669e+10  6321.1    2.546  1.91379e-01  1.1688e-02
  118   1.200  3.18713   9.27890e+10  6320.8    2.546  1.92022e-01  1.1952e-02
  119   1.200  3.19175   9.28210e+10  6320.4    2.547  1.92141e-01  1.2184e-02
  120   1.200  3.19755   9.28622e+10  6320.0    2.549  1.90950e-01  1.2244e-02
  121   1.200  3.20463   9.29139e+10  6319.5    2.551  1.90273e-01  1.2452e-02
  122   1.200  3.21215   9.29681e+10  6318.9    2.553  1.89795e-01  1.2719e-02
  123   1.200  3.22268   9.30440e+10  6318.1    2.556  1.88426e-01  1.2971e-02
  124   1.200  3.23378   9.31240e+10  6317.2    2.559  1.87246e-01  1.3287e-02
  125   1.200  3.24729   9.32220e+10  6316.1    2.562  1.86147e-01  1.3732e-02
  126   1.200  3.26487   9.33512e+10  6314.7    2.567  1.81803e-01  1.3800e-02
  127   1.200  3.27057   9.33939e+10  6314.3    2.569  1.81870e-01  1.4082e-02
  128   1.200  3.27856   9.34518e+10  6313.6    2.571  1.82123e-01  1.4511e-02
  129   1.200  3.28974   9.35335e+10  6312.6    2.574  1.81045e-01  1.4858e-02
  130   1.200  3.30430   9.36409e+10  6311.3    2.578  1.79313e-01  1.5255e-02
  131   1.200  3.30548   9.36505e+10  6311.2    2.578  1.79246e-01  1.5303e-02
  132   1.200  3.30782   9.36693e+10  6311.1    2.579  1.79722e-01  1.5504e-02
  133   1.200  3.31111   9.36913e+10  6310.8    2.580  1.79063e-01  1.5544e-02
  134   1.200  3.31462   9.37170e+10  6310.4    2.580  1.78121e-01  1.4996e-02
  135   1.200  3.31953   9.37545e+10  6310.0    2.582  1.77470e-01  1.5664e-02
  136   1.200  3.32641   9.38059e+10  6309.4    2.584  1.77105e-01  1.5934e-02
  137   1.200  3.33334   9.38572e+10  6308.8    2.585  1.76204e-01  1.6112e-02
  138   1.200  3.34305   9.39300e+10  6307.9    2.588  1.74892e-01  1.6351e-02
  139   1.200  3.35321   9.40064e+10  6307.0    2.591  1.73421e-01  1.6586e-02
  140   1.200  3.36266   9.40776e+10  6306.1    2.593  1.72237e-01  1.6841e-02
  141   1.200  3.37352   9.41597e+10  6305.1    2.596  1.70716e-01  1.7102e-02
  142   1.200  3.38291   9.42311e+10  6304.2    2.599  1.69499e-01  1.7349e-02
  143   1.200  3.39331   9.43101e+10  6303.2    2.601  1.67472e-01  1.7498e-02
  144   1.200  3.40018   9.43632e+10  6302.5    2.603  1.67040e-01  1.7762e-02
  145   1.200  3.40699   9.44146e+10  6301.9    2.605  1.66174e-01  1.7945e-02
  146   1.200  3.41654   9.44878e+10  6300.9    2.607  1.64658e-01  1.8148e-02
  147   1.200  3.42487   9.45520e+10  6300.1    2.609  1.63419e-01  1.8340e-02
  148   1.200  3.43373   9.46204e+10  6299.2    2.612  1.60981e-01  1.7693e-02
  149   1.200  3.43847   9.46576e+10  6298.7    2.613  1.59664e-01  1.7687e-02
  150   1.200  3.44315   9.46942e+10  6298.3    2.614  1.58694e-01  1.8388e-02
  151   1.200  3.44938   9.47428e+10  6297.7    2.616  1.59054e-01  1.8769e-02
  152   1.200  3.45811   9.48098e+10  6296.7    2.618  1.56637e-01  1.8109e-02
  153   1.200  3.46274   9.48470e+10  6296.3    2.619  1.56514e-01  1.8981e-02
  154   1.200  3.47201   9.49191e+10  6295.3    2.622  1.53936e-01  1.8312e-02
  155   1.200  3.47658   9.49558e+10  6294.9    2.623  1.53815e-01  1.9189e-02
  156   1.200  3.48571   9.50267e+10  6293.9    2.625  1.52320e-01  1.9384e-02
  157   1.200  3.49342   9.50879e+10  6293.1    2.627  1.50167e-01  1.8680e-02
  158   1.200  3.49789   9.51241e+10  6292.6    2.629  1.48904e-01  1.8681e-02
  159   1.200  3.50231   9.51594e+10  6292.2    2.630  1.48377e-01  1.9502e-02
  160   1.200  3.50848   9.52080e+10  6291.5    2.631  1.46644e-01  1.8790e-02
  161   1.200  3.51288   9.52436e+10  6291.1    2.633  1.45397e-01  1.8784e-02
  162   1.200  3.51721   9.52785e+10  6290.6    2.634  1.44506e-01  1.9551e-02
  163   1.200  3.52314   9.53261e+10  6290.0    2.635  1.42831e-01  1.8828e-02
  164   1.200  3.52744   9.53611e+10  6289.6    2.637  1.41604e-01  1.8840e-02
  165   1.200  3.53168   9.53955e+10  6289.2    2.638  1.40393e-01  1.8810e-02
  166   1.200  3.53588   9.54297e+10  6288.8    2.639  1.39188e-01  1.8799e-02
  167   1.200  3.54006   9.54638e+10  6288.4    2.640  1.37990e-01  1.8787e-02
  168   1.200  3.54420   9.54976e+10  6288.0    2.641  1.36797e-01  1.8772e-02
  169   1.200  3.54832   9.55314e+10  6287.6    2.643  1.35611e-01  1.8757e-02
  170   1.200  3.55240   9.55649e+10  6287.2    2.644  1.34430e-01  1.8740e-02
  171   1.200  3.55646   9.55983e+10  6286.8    2.645  1.33255e-01  1.8723e-02
  172   1.200  3.56049   9.56315e+10  6286.4    2.646  1.32087e-01  1.8704e-02
  173   1.200  3.56449   9.56646e+10  6286.0    2.647  1.30924e-01  1.8684e-02
  174   1.200  3.56846   9.56976e+10  6285.6    2.649  1.29767e-01  1.8663e-02
  175   1.200  3.57240   9.57304e+10  6285.2    2.650  1.28616e-01  1.8640e-02
  176   1.200  3.57632   9.57631e+10  6284.9    2.651  1.27470e-01  1.8616e-02
  177   1.200  3.58021   9.57956e+10  6284.5    2.652  1.26330e-01  1.8592e-02
  178   1.200  3.58407   9.58280e+10  6284.1    2.653  1.25196e-01  1.8566e-02
  179   1.200  3.58791   9.58602e+10  6283.8    2.655  1.24068e-01  1.8538e-02
  180   1.200  3.59172   9.58923e+10  6283.4    2.656  1.22945e-01  1.8509e-02
  181   1.200  3.59550   9.59243e+10  6283.1    2.657  1.21828e-01  1.8479e-02
  182   1.200  3.59925   9.59561e+10  6282.8    2.658  1.20717e-01  1.8448e-02
  183   1.200  3.60298   9.59878e+10  6282.4    2.659  1.19611e-01  1.8416e-02
  184   1.200  3.60669   9.60194e+10  6282.1    2.661  1.18511e-01  1.8382e-02
  185   1.200  3.61036   9.60508e+10  6281.8    2.662  1.17416e-01  1.8347e-02
  186   1.200  3.61402   9.60821e+10  6281.5    2.663  1.16327e-01  1.8311e-02
  187   1.200  3.61764   9.61133e+10  6281.2    2.664  1.15243e-01  1.8274e-02
  188   1.200  3.62124   9.61443e+10  6280.9    2.665  1.14164e-01  1.8235e-02
  189   1.200  3.62482   9.61753e+10  6280.6    2.666  1.13091e-01  1.8194e-02
  190   1.200  3.62837   9.62061e+10  6280.3    2.668  1.12024e-01  1.8153e-02
  191   1.200  3.63190   9.62368e+10  6280.0    2.669  1.10962e-01  1.8111e-02
  192   1.200  3.63540   9.62674e+10  6279.7    2.670  1.09905e-01  1.8066e-02
  193   1.200  3.63888   9.62978e+10  6279.4    2.671  1.08853e-01  1.8021e-02
  194   1.200  3.64233   9.63282e+10  6279.1    2.673  1.07807e-01  1.7974e-02
  195   1.200  3.64576   9.63584e+10  6278.9    2.674  1.06765e-01  1.7926e-02
  196   1.200  3.64917   9.63885e+10  6278.6    2.675  1.05730e-01  1.7876e-02
  197   1.200  3.65255   9.64185e+10  6278.4    2.676  1.04699e-01  1.7826e-02
  198   1.200  3.65591   9.64484e+10  6278.1    2.678  1.03673e-01  1.7774e-02
  199   1.200  3.65924   9.64783e+10  6277.9    2.679  1.02653e-01  1.7720e-02
  200   1.200  3.66256   9.65080e+10  6277.6    2.680  1.01638e-01  1.7665e-02
  201   1.200  3.66585   9.65375e+10  6277.4    2.681  1.00627e-01  1.7609e-02
  202   1.200  3.66911   9.65670e+10  6277.2    2.683  9.96223e-02  1.7550e-02
  203   1.200  3.67236   9.65964e+10  6277.0    2.684  9.86222e-02  1.7492e-02
  204   1.200  3.67558   9.66257e+10  6276.8    2.685  9.76272e-02  1.7431e-02
  205   1.200  3.67878   9.66549e+10  6276.6    2.686  9.66371e-02  1.7369e-02
  206   1.200  3.68196   9.66841e+10  6276.4    2.688  9.56520e-02  1.7305e-02
  207   1.200  3.68511   9.67130e+10  6276.2    2.689  9.46718e-02  1.7240e-02
  208   1.200  3.68825   9.67420e+10  6276.0    2.690  9.36965e-02  1.7174e-02
  209   1.200  3.69136   9.67709e+10  6275.8    2.692  9.27261e-02  1.7105e-02
  210   1.200  3.69445   9.67996e+10  6275.7    2.693  9.17606e-02  1.7036e-02
  211   1.200  3.69752   9.68283e+10  6275.5    2.694  9.08000e-02  1.6964e-02
  212   1.200  3.70057   9.68569e+10  6275.4    2.695  8.98441e-02  1.6892e-02
  213   1.200  3.70360   9.68854e+10  6275.2    2.697  8.88931e-02  1.6817e-02
  214   1.200  3.70661   9.69138e+10  6275.1    2.698  8.79468e-02  1.6741e-02
  215   1.200  3.70959   9.69422e+10  6274.9    2.700  8.70052e-02  1.6664e-02
  216   1.200  3.71256   9.69705e+10  6274.8    2.701  8.60684e-02  1.6584e-02
  217   1.200  3.71550   9.69988e+10  6274.7    2.702  8.51363e-02  1.6503e-02
  218   1.200  3.71843   9.70269e+10  6274.6    2.704  8.42088e-02  1.6421e-02
  219   1.200  3.72134   9.70551e+10  6274.5    2.705  8.32860e-02  1.6336e-02
  220   1.200  3.72422   9.70831e+10  6274.4    2.706  8.23679e-02  1.6250e-02
  221   1.200  3.72709   9.71111e+10  6274.3    2.708  8.14543e-02  1.6163e-02
  222   1.200  3.72994   9.71390e+10  6274.2    2.709  8.05453e-02  1.6073e-02
  223   1.200  3.73276   9.71669e+10  6274.2    2.711  7.96409e-02  1.5982e-02
  224   1.200  3.73557   9.71948e+10  6274.1    2.712  7.87410e-02  1.5889e-02
  225   1.200  3.73836   9.72225e+10  6274.1    2.714  7.78456e-02  1.5794e-02
  226   1.200  3.74113   9.72503e+10  6274.0    2.715  7.69548e-02  1.5697e-02
  227   1.200  3.74388   9.72779e+10  6274.0    2.717  7.60683e-02  1.5598e-02
  228   1.200  3.74662   9.73056e+10  6273.9    2.718  7.51864e-02  1.5498e-02
  229   1.200  3.74933   9.73332e+10  6273.9    2.720  7.43088e-02  1.5395e-02
  230   1.200  3.75203   9.73608e+10  6273.9    2.721  7.34357e-02  1.5291e-02
  231   1.200  3.75470   9.73884e+10  6273.9    2.723  7.25669e-02  1.5185e-02
  232   1.200  3.75736   9.74159e+10  6273.9    2.724  7.17025e-02  1.5076e-02
  233   1.200  3.76001   9.74434e+10  6273.9    2.726  7.08425e-02  1.4965e-02
  234   1.200  3.76263   9.74709e+10  6274.0    2.727  6.99867e-02  1.4853e-02
  235   1.200  3.76524   9.74984e+10  6274.0    2.729  6.91353e-02  1.4738e-02
  236   1.200  3.76783   9.75258e+10  6274.0    2.731  6.82881e-02  1.4621e-02
  237   1.200  3.77040   9.75532e+10  6274.1    2.732  6.74452e-02  1.4502e-02
  238   1.200  3.77295   9.75807e+10  6274.1    2.734  6.66065e-02  1.4381e-02
  239   1.200  3.77549   9.76081e+10  6274.2    2.735  6.57720e-02  1.4257e-02
  240   1.200  3.77801   9.76356e+10  6274.3    2.737  6.49417e-02  1.4131e-02
  241   1.200  3.78051   9.76630e+10  6274.4    2.739  6.41156e-02  1.4003e-02
  242   1.200  3.78300   9.76904e+10  6274.5    2.741  6.32936e-02  1.3872e-02
  243   1.200  3.78547   9.77179e+10  6274.6    2.742  6.24758e-02  1.3739e-02
  244   1.200  3.78792   9.77454e+10  6274.7    2.744  6.16621e-02  1.3604e-02
  245   1.200  3.79036   9.77729e+10  6274.8    2.746  6.08524e-02  1.3466e-02
  246   1.200  3.79278   9.78004e+10  6274.9    2.748  6.00468e-02  1.3325e-02
  247   1.200  3.79519   9.78280e+10  6275.1    2.749  5.92453e-02  1.3182e-02
  248   1.200  3.79758   9.78555e+10  6275.2    2.751  5.84478e-02  1.3036e-02
  249   1.200  3.79996   9.78831e+10  6275.4    2.753  5.76543e-02  1.2887e-02
  250   1.200  3.80232   9.79108e+10  6275.6    2.755  5.68648e-02  1.2736e-02
  251   1.200  3.80466   9.79385e+10  6275.8    2.757  5.60793e-02  1.2582e-02
  252   1.200  3.80699   9.79663e+10  6275.9    2.759  5.52977e-02  1.2424e-02
  253   1.200  3.80930   9.79941e+10  6276.1    2.761  5.45201e-02  1.2264e-02
  254   1.200  3.81160   9.80221e+10  6276.4    2.763  5.37463e-02  1.2101e-02
  255   1.200  3.81389   9.80500e+10  6276.6    2.764  5.29765e-02  1.1935e-02
  256   1.200  3.81616   9.80780e+10  6276.8    2.766  5.22105e-02  1.1765e-02
  257   1.200  3.81841   9.81061e+10  6277.1    2.768  5.14484e-02  1.1593e-02
  258   1.200  3.82065   9.81344e+10  6277.3    2.771  5.06902e-02  1.1417e-02
  259   1.200  3.82288   9.81627e+10  6277.6    2.773  4.99357e-02  1.1238e-02
  260   1.200  3.82509   9.81911e+10  6277.9    2.775  4.91851e-02  1.1055e-02
  261   1.200  3.82729   9.82196e+10  6278.2    2.777  4.84382e-02  1.0869e-02
  262   1.200  3.82948   9.82482e+10  6278.5    2.779  4.76952e-02  1.0679e-02
  263   1.200  3.83165   9.82769e+10  6278.8    2.781  4.69558e-02  1.0486e-02
  264   1.200  3.83381   9.83058e+10  6279.1    2.783  4.62203e-02  1.0289e-02
  265   1.200  3.83595   9.83348e+10  6279.4    2.786  4.54884e-02  1.0087e-02
  266   1.200  3.83809   9.83639e+10  6279.8    2.788  4.47602e-02  9.8825e-03
  267   1.200  3.84021   9.83931e+10  6280.1    2.790  4.40357e-02  9.6735e-03
  268   1.200  3.84232   9.84226e+10  6280.5    2.792  4.33149e-02  9.4603e-03
  269   1.200  3.84441   9.84522e+10  6280.9    2.795  4.25977e-02  9.2428e-03
  270   1.200  3.84650   9.84820e+10  6281.3    2.797  4.18842e-02  9.0212e-03
  271   1.200  3.84857   9.85119e+10  6281.6    2.800  4.11743e-02  8.7950e-03
  272   1.200  3.85063   9.85420e+10  6282.1    2.802  4.04680e-02  8.5642e-03
  273   1.200  3.85268   9.85723e+10  6282.5    2.805  3.97653e-02  8.3286e-03
  274   1.200  3.85471   9.86029e+10  6282.9    2.807  3.90661e-02  8.0882e-03
  275   1.200  3.85674   9.86336e+10  6283.4    2.810  3.83705e-02  7.8430e-03
  276   1.200  3.85876   9.86645e+10  6283.8    2.812  3.76785e-02  7.5927e-03
  277   1.200  3.86076   9.86957e+10  6284.3    2.815  3.69899e-02  7.3371e-03
  278   1.200  3.86275   9.87271e+10  6284.8    2.817  3.63049e-02  7.0768e-03
  279   1.200  3.86474   9.87587e+10  6285.2    2.820  3.56234e-02  6.8109e-03
  280   1.200  3.86671   9.87906e+10  6285.7    2.823  3.49454e-02  6.5398e-03
  281   1.200  3.86868   9.88227e+10  6286.2    2.826  3.42708e-02  6.2632e-03
  282   1.200  3.87063   9.88551e+10  6286.8    2.828  3.35997e-02  5.9811e-03
  283   1.200  3.87258   9.88877e+10  6287.3    2.831  3.29321e-02  5.6933e-03
  284   1.200  3.87452   9.89206e+10  6287.8    2.834  3.22679e-02  5.4003e-03
  285   1.200  3.87645   9.89537e+10  6288.3    2.837  3.16071e-02  5.1020e-03
  286   1.200  3.87837   9.89871e+10  6288.9    2.840  3.09497e-02  4.7981e-03
  287   1.200  3.88029   9.90207e+10  6289.4    2.843  3.02957e-02  4.4893e-03
  288   1.200  3.88219   9.90545e+10  6290.0    2.846  2.96451e-02  4.1754e-03
  289   1.200  3.88409   9.90886e+10  6290.5    2.849  2.89978e-02  3.8569e-03
  290   1.200  3.88599   9.91228e+10  6291.1    2.851  2.83540e-02  3.5343e-03
  291   1.200  3.88787   9.91573e+10  6291.6    2.854  2.77134e-02  3.2083e-03
  292   1.200  3.88976   9.91918e+10  6292.2    2.857  2.70762e-02  2.8796e-03
  293   1.200  3.89163   9.92265e+10  6292.8    2.860  2.64423e-02  2.5496e-03
  294   1.200  3.89350   9.92611e+10  6293.3    2.863  2.58117e-02  2.2195e-03
  295   1.200  3.89537   9.92958e+10  6293.8    2.866  2.51843e-02  1.8915e-03
  296   1.200  3.89723   9.93304e+10  6294.4    2.869  2.45602e-02  1.5681e-03
  297   1.200  3.89909   9.93648e+10  6294.9    2.872  2.39394e-02  1.2527e-03
  298   1.200  3.90094   9.93988e+10  6295.4    2.875  2.33216e-02  9.4969e-04
  299   1.200  3.90280   9.94324e+10  6295.8    2.878  2.27071e-02  6.6510e-04
  300   1.200  3.90464   9.94655e+10  6296.3    2.881  2.20955e-02  4.0721e-04
  301   1.200  3.90649   9.94980e+10  6296.7    2.883  2.14870e-02  1.8854e-04
  302   1.200  3.90833   9.95296e+10  6297.1    2.886  2.08814e-02  3.1958e-05
  303   1.200  3.91017   9.95606e+10  6297.4    2.888  2.02781e-02  0.0000e+00
  304   1.200  3.91274   9.96027e+10  6297.9    2.892  1.94992e-02  0.0000e+00
  305   1.200  3.91635   9.96605e+10  6298.4    2.896  1.84946e-02  0.0000e+00
  306   1.200  3.92139   9.97390e+10  6298.9    2.902  1.72309e-02  0.0000e+00
  307   1.200  3.92846   9.98449e+10  6299.5    2.909  1.56892e-02  0.0000e+00
  308   1.200  3.93834   9.99874e+10  6300.0    2.918  1.38744e-02  0.0000e+00
  309   1.200  3.95219   1.00179e+11  6300.2    2.929  1.18245e-02  0.0000e+00
  310   1.200  3.97106   1.00430e+11  6299.9    2.944  9.66570e-03  0.0000e+00
  311   1.200  3.99242   1.00706e+11  6299.1    2.958  7.82081e-03  0.0000e+00
  312   1.200  4.01316   1.00970e+11  6298.1    2.972  6.44167e-03  0.0000e+00
  313   1.200  4.03336   1.01224e+11  6296.8    2.985  5.37371e-03  0.0000e+00
  314   1.200  4.05306   1.01471e+11  6295.4    2.997  4.52537e-03  0.0000e+00
  315   1.200  4.07234   1.01713e+11  6294.0    3.008  3.83852e-03  0.0000e+00
  316   1.200  4.09122   1.01950e+11  6292.5    3.019  3.27413e-03  0.0000e+00
  317   1.200  4.10975   1.02184e+11  6290.9    3.030  2.80485e-03  0.0000e+00
  318   1.200  4.12797   1.02415e+11  6289.3    3.041  2.41087e-03  0.0000e+00
  319   1.200  4.14591   1.02644e+11  6287.6    3.051  2.07746e-03  0.0000e+00
  320   1.200  4.16361   1.02872e+11  6286.0    3.061  1.79393e-03  0.0000e+00
  321   1.200  4.18111   1.03098e+11  6284.3    3.072  1.55063e-03  0.0000e+00
  322   1.200  4.19842   1.03324e+11  6282.6    3.082  1.34125e-03  0.0000e+00
  323   1.200  4.21558   1.03550e+11  6280.9    3.092  1.16046e-03  0.0000e+00
  324   1.200  4.23259   1.03777e+11  6279.2    3.102  1.00396e-03  0.0000e+00
  325   1.200  4.24946   1.04004e+11  6277.4    3.112  8.68259e-04  0.0000e+00
