# Input file:  csum.01200.Z171479742.X71418029220.a187982123230.o0.27.s
#
# Model M/Msun age (Gyr)    R (cm)   Teff (K)  L/Lsun      Xc           qc
#
    1   1.200  0.00000   7.66887e+10  6306.0    1.723  7.14180e-01  4.6919e-03
    2   1.200  0.00063   7.66892e+10  6305.9    1.723  7.14096e-01  4.7270e-03
    3   1.200  0.02450   7.67634e+10  6306.8    1.727  7.10900e-01  4.3932e-03
    4   1.200  0.05477   7.68629e+10  6308.0    1.733  7.06814e-01  3.9977e-03
    5   1.200  0.08466   7.69615e+10  6309.2    1.739  7.02749e-01  3.6283e-03
    6   1.200  0.11417   7.70595e+10  6310.4    1.745  6.98705e-01  3.2814e-03
    7   1.200  0.14331   7.71569e+10  6311.6    1.750  6.94682e-01  2.9562e-03
    8   1.200  0.17210   7.72536e+10  6312.8    1.756  6.90680e-01  2.6516e-03
    9   1.200  0.20053   7.73498e+10  6314.0    1.762  6.86698e-01  2.3667e-03
   10   1.200  0.22862   7.74454e+10  6315.1    1.767  6.82737e-01  2.1008e-03
   11   1.200  0.25637   7.75404e+10  6316.2    1.773  6.78796e-01  1.8529e-03
   12   1.200  0.28379   7.76348e+10  6317.3    1.779  6.74875e-01  1.6226e-03
   13   1.200  0.31089   7.77287e+10  6318.4    1.784  6.70974e-01  1.4090e-03
   14   1.200  0.33766   7.78220e+10  6319.4    1.790  6.67094e-01  1.2115e-03
   15   1.200  0.36413   7.79148e+10  6320.5    1.795  6.63233e-01  1.0297e-03
   16   1.200  0.39029   7.80070e+10  6321.5    1.800  6.59392e-01  8.6289e-04
   17   1.200  0.41615   7.80987e+10  6322.5    1.806  6.55571e-01  7.1075e-04
   18   1.200  0.44171   7.81899e+10  6323.5    1.811  6.51769e-01  5.7286e-04
   19   1.200  0.46699   7.82805e+10  6324.5    1.817  6.47986e-01  4.4914e-04
   20   1.200  0.49198   7.83707e+10  6325.5    1.822  6.44223e-01  3.3887e-04
   21   1.200  0.51670   7.84603e+10  6326.4    1.827  6.40479e-01  2.4239e-04
   22   1.200  0.54114   7.85494e+10  6327.3    1.832  6.36755e-01  1.5945e-04
   23   1.200  0.56530   7.86380e+10  6328.3    1.837  6.33049e-01  9.1275e-05
   24   1.200  0.58921   7.87261e+10  6329.2    1.843  6.29362e-01  3.8605e-05
   25   1.200  0.61286   7.88138e+10  6330.0    1.848  6.25694e-01  4.7738e-06
   26   1.200  0.63625   7.89009e+10  6330.9    1.853  6.22055e-01  0.0000e+00
   27   1.200  0.66900   7.90235e+10  6332.1    1.860  6.16955e-01  0.0000e+00
   28   1.200  0.71484   7.91971e+10  6333.8    1.870  6.09778e-01  0.0000e+00
   29   1.200  0.77903   7.94432e+10  6336.1    1.885  5.99661e-01  0.0000e+00
   30   1.200  0.86889   7.97940e+10  6339.3    1.905  5.85351e-01  0.0000e+00
   31   1.200  0.97651   8.02238e+10  6342.9    1.930  5.67974e-01  0.0000e+00
   32   1.200  1.07997   8.06473e+10  6346.3    1.955  5.51006e-01  0.0000e+00
   33   1.200  1.17924   8.10636e+10  6349.4    1.979  5.34463e-01  0.0000e+00
   34   1.200  1.27445   8.14723e+10  6352.2    2.002  5.18335e-01  0.0000e+00
   35   1.200  1.36574   8.18730e+10  6354.8    2.025  5.02612e-01  0.0000e+00
   36   1.200  1.45323   8.22656e+10  6357.1    2.048  4.87284e-01  0.0000e+00
   37   1.200  1.53707   8.26497e+10  6359.2    2.070  4.72342e-01  0.0000e+00
   38   1.200  1.61737   8.30252e+10  6361.0    2.091  4.57776e-01  0.0000e+00
   39   1.200  1.69427   8.33919e+10  6362.7    2.112  4.43577e-01  0.0000e+00
   40   1.200  1.76789   8.37498e+10  6364.1    2.132  4.29737e-01  0.0000e+00
   41   1.200  1.83836   8.40987e+10  6365.4    2.151  4.16247e-01  0.0000e+00
   42   1.200  1.90580   8.44385e+10  6366.4    2.170  4.03098e-01  0.0000e+00
   43   1.200  1.97033   8.47691e+10  6367.3    2.188  3.90282e-01  0.0000e+00
   44   1.200  2.03206   8.50907e+10  6368.0    2.206  3.77791e-01  0.0000e+00
   45   1.200  2.09111   8.54031e+10  6368.6    2.223  3.65617e-01  0.0000e+00
   46   1.200  2.14760   8.57065e+10  6369.0    2.239  3.53753e-01  0.0000e+00
   47   1.200  2.20162   8.60008e+10  6369.3    2.255  3.42191e-01  0.0000e+00
   48   1.200  2.25329   8.62861e+10  6369.4    2.270  3.30924e-01  0.0000e+00
   49   1.200  2.30270   8.65626e+10  6369.5    2.285  3.19944e-01  0.0000e+00
   50   1.200  2.34997   8.68304e+10  6369.4    2.299  3.09244e-01  0.0000e+00
   51   1.200  2.39517   8.70897e+10  6369.3    2.313  2.98818e-01  0.0000e+00
   52   1.200  2.43842   8.73405e+10  6369.0    2.326  2.88659e-01  0.0000e+00
   53   1.200  2.47979   8.75830e+10  6368.7    2.338  2.78760e-01  0.0000e+00
   54   1.200  2.51938   8.78175e+10  6368.3    2.350  2.69116e-01  0.0000e+00
   55   1.200  2.55727   8.80442e+10  6367.8    2.362  2.59744e-01  3.9318e-05
   56   1.200  2.56294   8.80786e+10  6367.7    2.363  2.58278e-01  7.1400e-06
   57   1.200  2.57013   8.81219e+10  6367.6    2.365  2.56477e-01  1.0179e-05
   58   1.200  2.57725   8.81649e+10  6367.5    2.368  2.54691e-01  1.3331e-05
   59   1.200  2.58432   8.82077e+10  6367.4    2.370  2.52915e-01  1.6696e-05
   60   1.200  2.59134   8.82502e+10  6367.3    2.372  2.51147e-01  2.0008e-05
   61   1.200  2.59832   8.82926e+10  6367.2    2.374  2.49388e-01  2.3432e-05
   62   1.200  2.60525   8.83347e+10  6367.1    2.376  2.53826e-01  2.5390e-04
   63   1.200  2.60801   8.83520e+10  6367.0    2.377  2.53132e-01  2.4120e-04
   64   1.200  2.61188   8.83754e+10  6367.0    2.378  2.52159e-01  2.4535e-04
   65   1.200  2.61729   8.84084e+10  6366.9    2.380  2.51437e-01  2.9046e-04
   66   1.200  2.62487   8.84547e+10  6366.8    2.382  2.50376e-01  3.4129e-04
   67   1.200  2.63548   8.85198e+10  6366.6    2.385  2.48875e-01  4.1649e-04
   68   1.200  2.64782   8.85956e+10  6366.3    2.389  2.47405e-01  5.3038e-04
   69   1.200  2.66240   8.86855e+10  6366.0    2.393  2.45470e-01  6.6127e-04
   70   1.200  2.67542   8.87660e+10  6365.7    2.397  2.43651e-01  7.7865e-04
   71   1.200  2.68771   8.88423e+10  6365.5    2.401  2.41913e-01  8.9357e-04
   72   1.200  2.69981   8.89176e+10  6365.2    2.405  2.40250e-01  1.0150e-03
   73   1.200  2.71219   8.89949e+10  6364.9    2.408  2.38323e-01  1.1244e-03
   74   1.200  2.72305   8.90629e+10  6364.6    2.412  2.36839e-01  1.2420e-03
   75   1.200  2.73538   8.91403e+10  6364.3    2.415  2.35478e-01  1.4113e-03
   76   1.200  2.75058   8.92360e+10  6363.9    2.420  2.33578e-01  1.6076e-03
   77   1.200  2.76392   8.93204e+10  6363.5    2.424  2.31939e-01  1.7883e-03
   78   1.200  2.77744   8.94061e+10  6363.1    2.428  2.30343e-01  1.9839e-03
   79   1.200  2.79142   8.94951e+10  6362.7    2.432  2.28604e-01  2.1844e-03
   80   1.200  2.80464   8.95795e+10  6362.3    2.436  2.26962e-01  2.3791e-03
   81   1.200  2.81780   8.96638e+10  6361.9    2.440  2.25621e-01  2.6112e-03
   82   1.200  2.83378   8.97665e+10  6361.3    2.445  2.23982e-01  2.9006e-03
   83   1.200  2.84958   8.98684e+10  6360.8    2.449  2.22422e-01  3.2027e-03
   84   1.200  2.86589   8.99740e+10  6360.2    2.454  2.20852e-01  3.5292e-03
   85   1.200  2.88257   9.00825e+10  6359.5    2.459  2.18852e-01  3.8230e-03
   86   1.200  2.89587   9.01692e+10  6359.0    2.463  2.18132e-01  4.1724e-03
   87   1.200  2.91448   9.02910e+10  6358.2    2.469  2.16503e-01  4.5963e-03
   88   1.200  2.93257   9.04100e+10  6357.5    2.474  2.15247e-01  5.0647e-03
   89   1.200  2.95526   9.05601e+10  6356.4    2.481  2.13233e-01  5.6150e-03
   90   1.200  2.97292   9.06775e+10  6355.6    2.486  2.11672e-01  6.0525e-03
   91   1.200  2.99055   9.07949e+10  6354.8    2.491  2.10452e-01  6.5489e-03
   92   1.200  3.01297   9.09453e+10  6353.6    2.497  2.08410e-01  7.1276e-03
   93   1.200  3.02990   9.10594e+10  6352.7    2.502  2.06859e-01  7.5692e-03
   94   1.200  3.04665   9.11727e+10  6351.8    2.507  2.05437e-01  8.0314e-03
   95   1.200  3.06465   9.12950e+10  6350.8    2.512  2.03835e-01  8.5259e-03
   96   1.200  3.08172   9.14115e+10  6349.8    2.517  2.02294e-01  8.9996e-03
   97   1.200  3.09846   9.15263e+10  6348.8    2.522  2.00779e-01  9.4706e-03
   98   1.200  3.11509   9.16407e+10  6347.8    2.526  1.99263e-01  9.9441e-03
   99   1.200  3.13150   9.17543e+10  6346.7    2.531  1.97690e-01  1.0404e-02
  100   1.200  3.14703   9.18621e+10  6345.7    2.535  1.96230e-01  1.0851e-02
  101   1.200  3.16279   9.19720e+10  6344.6    2.540  1.94613e-01  1.1288e-02
  102   1.200  3.17714   9.20724e+10  6343.6    2.544  1.93210e-01  1.1701e-02
  103   1.200  3.19214   9.21779e+10  6342.6    2.548  1.91714e-01  1.2130e-02
  104   1.200  3.20677   9.22812e+10  6341.5    2.552  1.90103e-01  1.2531e-02
  105   1.200  3.21994   9.23744e+10  6340.6    2.555  1.88768e-01  1.2912e-02
  106   1.200  3.23419   9.24755e+10  6339.5    2.559  1.87451e-01  1.3349e-02
  107   1.200  3.24974   9.25868e+10  6338.3    2.563  1.85644e-01  1.3767e-02
  108   1.200  3.26204   9.26750e+10  6337.3    2.567  1.83755e-01  1.4019e-02
  109   1.200  3.27127   9.27418e+10  6336.6    2.569  1.82788e-01  1.4286e-02
  110   1.200  3.28313   9.28272e+10  6335.7    2.572  1.80827e-01  1.4506e-02
  111   1.200  3.29163   9.28895e+10  6335.0    2.575  1.80293e-01  1.4823e-02
  112   1.200  3.30353   9.29750e+10  6334.0    2.578  1.79115e-01  1.5190e-02
  113   1.200  3.31762   9.30777e+10  6332.8    2.582  1.76854e-01  1.5469e-02
  114   1.200  3.32625   9.31413e+10  6332.1    2.584  1.75814e-01  1.5704e-02
  115   1.200  3.33769   9.32248e+10  6331.1    2.587  1.74513e-01  1.6028e-02
  116   1.200  3.34977   9.33137e+10  6330.0    2.590  1.72707e-01  1.6297e-02
  117   1.200  3.35888   9.33810e+10  6329.2    2.593  1.71878e-01  1.6595e-02
  118   1.200  3.36694   9.34403e+10  6328.5    2.595  1.70768e-01  1.6792e-02
  119   1.200  3.37677   9.35133e+10  6327.6    2.597  1.69532e-01  1.7056e-02
  120   1.200  3.38750   9.35932e+10  6326.6    2.600  1.67767e-01  1.7266e-02
  121   1.200  3.39563   9.36540e+10  6325.8    2.602  1.66898e-01  1.7513e-02
  122   1.200  3.40702   9.37391e+10  6324.8    2.605  1.65069e-01  1.7750e-02
  123   1.200  3.41527   9.38011e+10  6324.0    2.607  1.63896e-01  1.7948e-02
  124   1.200  3.42455   9.38712e+10  6323.1    2.610  1.62197e-01  1.8102e-02
  125   1.200  3.43171   9.39255e+10  6322.4    2.612  1.60951e-01  1.8236e-02
  126   1.200  3.43921   9.39824e+10  6321.7    2.614  1.59934e-01  1.8427e-02
  127   1.200  3.44879   9.40552e+10  6320.8    2.616  1.58077e-01  1.8571e-02
  128   1.200  3.45545   9.41061e+10  6320.1    2.618  1.57106e-01  1.8728e-02
  129   1.200  3.46202   9.41561e+10  6319.5    2.620  1.55827e-01  1.8826e-02
  130   1.200  3.46860   9.42067e+10  6318.8    2.621  1.54537e-01  1.8920e-02
  131   1.200  3.46899   9.42102e+10  6318.8    2.622  1.54558e-01  1.8950e-02
  132   1.200  3.46979   9.42166e+10  6318.7    2.622  1.54452e-01  1.8971e-02
  133   1.200  3.47139   9.42299e+10  6318.6    2.622  1.54683e-01  1.9093e-02
  134   1.200  3.47363   9.42446e+10  6318.3    2.623  1.54130e-01  1.9104e-02
  135   1.200  3.47504   9.42549e+10  6318.1    2.623  1.53739e-01  1.8399e-02
  136   1.200  3.47703   9.42706e+10  6317.9    2.624  1.53184e-01  1.8398e-02
  137   1.200  3.47980   9.42928e+10  6317.7    2.624  1.52465e-01  1.9110e-02
  138   1.200  3.48369   9.43233e+10  6317.3    2.625  1.51638e-01  1.9154e-02
  139   1.200  3.48914   9.43654e+10  6316.8    2.627  1.50272e-01  1.9179e-02
  140   1.200  3.49412   9.44041e+10  6316.3    2.628  1.49218e-01  1.9238e-02
  141   1.200  3.50001   9.44500e+10  6315.7    2.630  1.47686e-01  1.9258e-02
  142   1.200  3.50035   9.44529e+10  6315.7    2.630  1.47592e-01  1.8543e-02
  143   1.200  3.50103   9.44584e+10  6315.6    2.630  1.47401e-01  1.8548e-02
  144   1.200  3.50198   9.44660e+10  6315.5    2.630  1.47179e-01  1.9265e-02
  145   1.200  3.50330   9.44771e+10  6315.4    2.631  1.47127e-01  1.9322e-02
  146   1.200  3.50596   9.44964e+10  6315.1    2.631  1.46384e-01  1.8606e-02
  147   1.200  3.50967   9.45255e+10  6314.8    2.632  1.45330e-01  1.8599e-02
  148   1.200  3.51400   9.45598e+10  6314.4    2.634  1.44101e-01  1.8591e-02
  149   1.200  3.51829   9.45938e+10  6313.9    2.635  1.42877e-01  1.8583e-02
  150   1.200  3.52255   9.46276e+10  6313.6    2.636  1.41661e-01  1.8574e-02
  151   1.200  3.52679   9.46612e+10  6313.1    2.637  1.40450e-01  1.8564e-02
  152   1.200  3.53099   9.46946e+10  6312.8    2.638  1.39245e-01  1.8551e-02
  153   1.200  3.53516   9.47278e+10  6312.4    2.640  1.38046e-01  1.8538e-02
  154   1.200  3.53930   9.47610e+10  6312.0    2.641  1.36853e-01  1.8523e-02
  155   1.200  3.54342   9.47939e+10  6311.6    2.642  1.35667e-01  1.8508e-02
  156   1.200  3.54750   9.48268e+10  6311.2    2.643  1.34486e-01  1.8492e-02
  157   1.200  3.55156   9.48595e+10  6310.8    2.644  1.33311e-01  1.8474e-02
  158   1.200  3.55559   9.48920e+10  6310.5    2.646  1.32142e-01  1.8454e-02
  159   1.200  3.55959   9.49244e+10  6310.1    2.647  1.30979e-01  1.8433e-02
  160   1.200  3.56356   9.49566e+10  6309.7    2.648  1.29821e-01  1.8412e-02
  161   1.200  3.56751   9.49887e+10  6309.4    2.649  1.28670e-01  1.8390e-02
  162   1.200  3.57142   9.50207e+10  6309.0    2.650  1.27524e-01  1.8366e-02
  163   1.200  3.57531   9.50525e+10  6308.7    2.652  1.26384e-01  1.8340e-02
  164   1.200  3.57917   9.50842e+10  6308.3    2.653  1.25250e-01  1.8314e-02
  165   1.200  3.58301   9.51158e+10  6308.0    2.654  1.24121e-01  1.8287e-02
  166   1.200  3.58682   9.51472e+10  6307.7    2.655  1.22998e-01  1.8258e-02
  167   1.200  3.59060   9.51786e+10  6307.3    2.656  1.21881e-01  1.8227e-02
  168   1.200  3.59435   9.52097e+10  6307.0    2.658  1.20769e-01  1.8196e-02
  169   1.200  3.59808   9.52408e+10  6306.7    2.659  1.19663e-01  1.8163e-02
  170   1.200  3.60178   9.52717e+10  6306.4    2.660  1.18563e-01  1.8129e-02
  171   1.200  3.60546   9.53025e+10  6306.1    2.661  1.17468e-01  1.8094e-02
  172   1.200  3.60911   9.53331e+10  6305.8    2.662  1.16378e-01  1.8057e-02
  173   1.200  3.61274   9.53637e+10  6305.5    2.664  1.15294e-01  1.8020e-02
  174   1.200  3.61634   9.53942e+10  6305.2    2.665  1.14215e-01  1.7981e-02
  175   1.200  3.61991   9.54245e+10  6304.9    2.666  1.13142e-01  1.7941e-02
  176   1.200  3.62346   9.54547e+10  6304.6    2.667  1.12074e-01  1.7898e-02
  177   1.200  3.62699   9.54848e+10  6304.3    2.668  1.11012e-01  1.7857e-02
  178   1.200  3.63049   9.55148e+10  6304.1    2.670  1.09954e-01  1.7811e-02
  179   1.200  3.63397   9.55446e+10  6303.8    2.671  1.08903e-01  1.7765e-02
  180   1.200  3.63742   9.55744e+10  6303.5    2.672  1.07856e-01  1.7718e-02
  181   1.200  3.64085   9.56041e+10  6303.3    2.673  1.06815e-01  1.7670e-02
  182   1.200  3.64426   9.56337e+10  6303.0    2.675  1.05778e-01  1.7620e-02
  183   1.200  3.64764   9.56631e+10  6302.8    2.676  1.04747e-01  1.7569e-02
  184   1.200  3.65100   9.56925e+10  6302.6    2.677  1.03722e-01  1.7517e-02
  185   1.200  3.65433   9.57217e+10  6302.3    2.678  1.02701e-01  1.7462e-02
  186   1.200  3.65764   9.57509e+10  6302.1    2.680  1.01685e-01  1.7407e-02
  187   1.200  3.66093   9.57800e+10  6301.9    2.681  1.00675e-01  1.7351e-02
  188   1.200  3.66420   9.58090e+10  6301.7    2.682  9.96697e-02  1.7292e-02
  189   1.200  3.66744   9.58379e+10  6301.5    2.683  9.86694e-02  1.7233e-02
  190   1.200  3.67066   9.58667e+10  6301.3    2.685  9.76740e-02  1.7171e-02
  191   1.200  3.67386   9.58954e+10  6301.1    2.686  9.66837e-02  1.7109e-02
  192   1.200  3.67704   9.59240e+10  6300.9    2.687  9.56984e-02  1.7045e-02
  193   1.200  3.68020   9.59526e+10  6300.7    2.688  9.47180e-02  1.6980e-02
  194   1.200  3.68333   9.59811e+10  6300.6    2.690  9.37425e-02  1.6913e-02
  195   1.200  3.68644   9.60094e+10  6300.4    2.691  9.27719e-02  1.6844e-02
  196   1.200  3.68953   9.60377e+10  6300.2    2.692  9.18061e-02  1.6774e-02
  197   1.200  3.69260   9.60660e+10  6300.1    2.694  9.08452e-02  1.6702e-02
  198   1.200  3.69565   9.60941e+10  6299.9    2.695  8.98891e-02  1.6629e-02
  199   1.200  3.69868   9.61223e+10  6299.8    2.696  8.89379e-02  1.6555e-02
  200   1.200  3.70169   9.61503e+10  6299.7    2.698  8.79914e-02  1.6478e-02
  201   1.200  3.70467   9.61783e+10  6299.6    2.699  8.70496e-02  1.6400e-02
  202   1.200  3.70764   9.62062e+10  6299.4    2.700  8.61125e-02  1.6320e-02
  203   1.200  3.71058   9.62340e+10  6299.3    2.702  8.51802e-02  1.6239e-02
  204   1.200  3.71351   9.62618e+10  6299.2    2.703  8.42525e-02  1.6157e-02
  205   1.200  3.71641   9.62896e+10  6299.1    2.705  8.33295e-02  1.6072e-02
  206   1.200  3.71930   9.63172e+10  6299.0    2.706  8.24111e-02  1.5986e-02
  207   1.200  3.72217   9.63449e+10  6299.0    2.707  8.14973e-02  1.5897e-02
  208   1.200  3.72501   9.63725e+10  6298.9    2.709  8.05881e-02  1.5807e-02
  209   1.200  3.72784   9.64001e+10  6298.8    2.710  7.96835e-02  1.5716e-02
  210   1.200  3.73065   9.64275e+10  6298.8    2.712  7.87834e-02  1.5622e-02
  211   1.200  3.73344   9.64551e+10  6298.7    2.713  7.78878e-02  1.5527e-02
  212   1.200  3.73620   9.64824e+10  6298.7    2.715  7.69967e-02  1.5430e-02
  213   1.200  3.73896   9.65099e+10  6298.6    2.716  7.61101e-02  1.5331e-02
  214   1.200  3.74169   9.65372e+10  6298.6    2.718  7.52279e-02  1.5230e-02
  215   1.200  3.74440   9.65646e+10  6298.6    2.719  7.43502e-02  1.5127e-02
  216   1.200  3.74710   9.65919e+10  6298.6    2.721  7.34769e-02  1.5022e-02
  217   1.200  3.74977   9.66192e+10  6298.6    2.722  7.26079e-02  1.4916e-02
  218   1.200  3.75243   9.66465e+10  6298.6    2.724  7.17433e-02  1.4806e-02
  219   1.200  3.75508   9.66738e+10  6298.6    2.725  7.08830e-02  1.4696e-02
  220   1.200  3.75770   9.67011e+10  6298.6    2.727  7.00271e-02  1.4583e-02
  221   1.200  3.76031   9.67283e+10  6298.6    2.728  6.91754e-02  1.4467e-02
  222   1.200  3.76289   9.67555e+10  6298.7    2.730  6.83281e-02  1.4350e-02
  223   1.200  3.76547   9.67828e+10  6298.7    2.732  6.74850e-02  1.4231e-02
  224   1.200  3.76802   9.68100e+10  6298.8    2.733  6.66461e-02  1.4109e-02
  225   1.200  3.77056   9.68373e+10  6298.9    2.735  6.58114e-02  1.3985e-02
  226   1.200  3.77308   9.68646e+10  6298.9    2.737  6.49809e-02  1.3859e-02
  227   1.200  3.77558   9.68918e+10  6299.0    2.738  6.41546e-02  1.3730e-02
  228   1.200  3.77807   9.69192e+10  6299.1    2.740  6.33325e-02  1.3600e-02
  229   1.200  3.78054   9.69465e+10  6299.2    2.742  6.25144e-02  1.3466e-02
  230   1.200  3.78299   9.69738e+10  6299.3    2.744  6.17005e-02  1.3330e-02
  231   1.200  3.78543   9.70012e+10  6299.4    2.745  6.08907e-02  1.3191e-02
  232   1.200  3.78785   9.70287e+10  6299.6    2.747  6.00849e-02  1.3050e-02
  233   1.200  3.79026   9.70561e+10  6299.7    2.749  5.92832e-02  1.2907e-02
  234   1.200  3.79265   9.70836e+10  6299.9    2.751  5.84855e-02  1.2760e-02
  235   1.200  3.79502   9.71112e+10  6300.0    2.752  5.76918e-02  1.2611e-02
  236   1.200  3.79738   9.71388e+10  6300.2    2.754  5.69022e-02  1.2460e-02
  237   1.200  3.79973   9.71665e+10  6300.4    2.756  5.61165e-02  1.2305e-02
  238   1.200  3.80205   9.71942e+10  6300.6    2.758  5.53347e-02  1.2148e-02
  239   1.200  3.80437   9.72220e+10  6300.7    2.760  5.45569e-02  1.1987e-02
  240   1.200  3.80667   9.72499e+10  6300.9    2.762  5.37830e-02  1.1824e-02
  241   1.200  3.80895   9.72779e+10  6301.2    2.764  5.30130e-02  1.1657e-02
  242   1.200  3.81122   9.73059e+10  6301.4    2.766  5.22468e-02  1.1487e-02
  243   1.200  3.81348   9.73341e+10  6301.6    2.768  5.14846e-02  1.1314e-02
  244   1.200  3.81572   9.73623e+10  6301.9    2.770  5.07261e-02  1.1138e-02
  245   1.200  3.81795   9.73907e+10  6302.1    2.772  4.99715e-02  1.0959e-02
  246   1.200  3.82016   9.74191e+10  6302.4    2.774  4.92208e-02  1.0776e-02
  247   1.200  3.82236   9.74477e+10  6302.7    2.776  4.84737e-02  1.0589e-02
  248   1.200  3.82454   9.74764e+10  6303.0    2.778  4.77305e-02  1.0399e-02
  249   1.200  3.82672   9.75052e+10  6303.3    2.781  4.69910e-02  1.0205e-02
  250   1.200  3.82888   9.75342e+10  6303.6    2.783  4.62553e-02  1.0008e-02
  251   1.200  3.83102   9.75632e+10  6303.9    2.785  4.55232e-02  9.8064e-03
  252   1.200  3.83316   9.75925e+10  6304.2    2.787  4.47949e-02  9.6011e-03
  253   1.200  3.83528   9.76219e+10  6304.6    2.790  4.40703e-02  9.3919e-03
  254   1.200  3.83739   9.76515e+10  6304.9    2.792  4.33493e-02  9.1784e-03
  255   1.200  3.83948   9.76812e+10  6305.3    2.794  4.26320e-02  8.9612e-03
  256   1.200  3.84157   9.77112e+10  6305.6    2.797  4.19183e-02  8.7391e-03
  257   1.200  3.84364   9.77413e+10  6306.0    2.799  4.12082e-02  8.5128e-03
  258   1.200  3.84570   9.77715e+10  6306.4    2.801  4.05018e-02  8.2819e-03
  259   1.200  3.84775   9.78020e+10  6306.8    2.804  3.97989e-02  8.0463e-03
  260   1.200  3.84979   9.78328e+10  6307.2    2.806  3.90996e-02  7.8060e-03
  261   1.200  3.85182   9.78637e+10  6307.6    2.809  3.84039e-02  7.5608e-03
  262   1.200  3.85383   9.78948e+10  6308.1    2.811  3.77117e-02  7.3107e-03
  263   1.200  3.85584   9.79262e+10  6308.5    2.814  3.70230e-02  7.0556e-03
  264   1.200  3.85784   9.79578e+10  6309.0    2.817  3.63379e-02  6.7954e-03
  265   1.200  3.85982   9.79896e+10  6309.4    2.819  3.56562e-02  6.5300e-03
  266   1.200  3.86180   9.80217e+10  6309.9    2.822  3.49781e-02  6.2594e-03
  267   1.200  3.86376   9.80540e+10  6310.4    2.825  3.43034e-02  5.9835e-03
  268   1.200  3.86572   9.80866e+10  6310.9    2.827  3.36322e-02  5.7023e-03
  269   1.200  3.86767   9.81194e+10  6311.4    2.830  3.29644e-02  5.4159e-03
  270   1.200  3.86961   9.81525e+10  6311.9    2.833  3.23000e-02  5.1242e-03
  271   1.200  3.87154   9.81858e+10  6312.4    2.836  3.16391e-02  4.8271e-03
  272   1.200  3.87347   9.82193e+10  6312.9    2.839  3.09816e-02  4.5254e-03
  273   1.200  3.87538   9.82531e+10  6313.4    2.842  3.03275e-02  4.2188e-03
  274   1.200  3.87729   9.82871e+10  6313.9    2.845  2.96767e-02  3.9075e-03
  275   1.200  3.87919   9.83213e+10  6314.4    2.847  2.90294e-02  3.5922e-03
  276   1.200  3.88109   9.83556e+10  6314.9    2.850  2.83854e-02  3.2736e-03
  277   1.200  3.88298   9.83901e+10  6315.5    2.853  2.77447e-02  2.9522e-03
  278   1.200  3.88486   9.84246e+10  6316.0    2.856  2.71073e-02  2.6291e-03
  279   1.200  3.88674   9.84593e+10  6316.5    2.859  2.64733e-02  2.3055e-03
  280   1.200  3.88862   9.84938e+10  6317.0    2.862  2.58425e-02  1.9834e-03
  281   1.200  3.89049   9.85284e+10  6317.5    2.865  2.52150e-02  1.6648e-03
  282   1.200  3.89235   9.85627e+10  6318.0    2.868  2.45907e-02  1.3528e-03
  283   1.200  3.89421   9.85968e+10  6318.5    2.871  2.39696e-02  1.0512e-03
  284   1.200  3.89607   9.86305e+10  6318.9    2.874  2.33517e-02  7.6510e-04
  285   1.200  3.89792   9.86637e+10  6319.4    2.876  2.27369e-02  5.0139e-04
  286   1.200  3.89977   9.86963e+10  6319.8    2.879  2.21251e-02  2.7004e-04
  287   1.200  3.90162   9.87281e+10  6320.1    2.881  2.15163e-02  8.7388e-05
  288   1.200  3.90346   9.87592e+10  6320.5    2.884  2.09098e-02  0.0000e+00
  289   1.200  3.90604   9.88015e+10  6320.9    2.887  2.01090e-02  0.0000e+00
  290   1.200  3.90965   9.88595e+10  6321.4    2.891  1.90757e-02  0.0000e+00
  291   1.200  3.91471   9.89379e+10  6322.0    2.897  1.77756e-02  0.0000e+00
  292   1.200  3.92179   9.90436e+10  6322.5    2.904  1.61888e-02  0.0000e+00
  293   1.200  3.93171   9.91854e+10  6323.0    2.913  1.43202e-02  0.0000e+00
  294   1.200  3.94558   9.93755e+10  6323.2    2.925  1.22086e-02  0.0000e+00
  295   1.200  3.96402   9.96182e+10  6323.0    2.939  1.00349e-02  0.0000e+00
  296   1.200  3.98541   9.98912e+10  6322.3    2.954  8.12164e-03  0.0000e+00
  297   1.200  4.00619   1.00151e+11  6321.3    2.967  6.69150e-03  0.0000e+00
  298   1.200  4.02642   1.00402e+11  6320.1    2.980  5.58405e-03  0.0000e+00
  299   1.200  4.04616   1.00645e+11  6318.9    2.992  4.70428e-03  0.0000e+00
  300   1.200  4.06547   1.00883e+11  6317.5    3.004  3.99186e-03  0.0000e+00
  301   1.200  4.08438   1.01117e+11  6316.0    3.015  3.40634e-03  0.0000e+00
  302   1.200  4.10295   1.01346e+11  6314.5    3.026  2.91935e-03  0.0000e+00
  303   1.200  4.12120   1.01573e+11  6313.0    3.036  2.51038e-03  0.0000e+00
  304   1.200  4.13918   1.01798e+11  6311.4    3.047  2.16417e-03  0.0000e+00
  305   1.200  4.15692   1.02022e+11  6309.8    3.057  1.86965e-03  0.0000e+00
  306   1.200  4.17445   1.02244e+11  6308.2    3.067  1.61683e-03  0.0000e+00
  307   1.200  4.19181   1.02467e+11  6306.6    3.077  1.39912e-03  0.0000e+00
  308   1.200  4.20902   1.02689e+11  6305.0    3.087  1.21098e-03  0.0000e+00
  309   1.200  4.22608   1.02911e+11  6303.3    3.098  1.04803e-03  0.0000e+00
  310   1.200  4.24301   1.03134e+11  6301.7    3.108  9.06699e-04  0.0000e+00
  311   1.200  4.25981   1.03358e+11  6300.0    3.118  7.84005e-04  0.0000e+00
  312   1.200  4.27648   1.03582e+11  6298.3    3.128  6.77414e-04  0.0000e+00
  313   1.200  4.29303   1.03807e+11  6296.6    3.138  5.84778e-04  0.0000e+00
  314   1.200  4.30946   1.04033e+11  6295.0    3.149  5.04260e-04  0.0000e+00
  315   1.200  4.32578   1.04260e+11  6293.3    3.159  4.34287e-04  0.0000e+00
  316   1.200  4.34199   1.04488e+11  6291.6    3.170  3.73505e-04  0.0000e+00
  317   1.200  4.35809   1.04717e+11  6289.9    3.180  3.20741e-04  0.0000e+00
  318   1.200  4.37408   1.04948e+11  6288.2    3.191  2.74963e-04  0.0000e+00
  319   1.200  4.38997   1.05180e+11  6286.5    3.201  2.35236e-04  0.0000e+00
  320   1.200  4.40576   1.05413e+11  6284.8    3.212  2.00857e-04  0.0000e+00
  321   1.200  4.42145   1.05649e+11  6283.1    3.223  1.71150e-04  0.0000e+00
  322   1.200  4.43704   1.05885e+11  6281.4    3.234  1.45522e-04  0.0000e+00
  323   1.200  4.45253   1.06123e+11  6279.7    3.245  1.23451e-04  0.0000e+00
  324   1.200  4.46792   1.06363e+11  6277.9    3.256  1.04483e-04  0.0000e+00
  325   1.200  4.48322   1.06605e+11  6276.2    3.267  8.82135e-05  0.0000e+00
  326   1.200  4.49841   1.06848e+11  6274.5    3.278  7.42905e-05  0.0000e+00
  327   1.200  4.51351   1.07093e+11  6272.7    3.290  6.24032e-05  0.0000e+00
  328   1.200  4.52850   1.07340e+11  6271.0    3.301  5.22788e-05  0.0000e+00
  329   1.200  4.54340   1.07588e+11  6269.2    3.313  4.36778e-05  0.0000e+00
  330   1.200  4.55820   1.07838e+11  6267.4    3.324  3.63902e-05  0.0000e+00
  331   1.200  4.57289   1.08089e+11  6265.6    3.336  3.02324e-05  0.0000e+00
  332   1.200  4.58748   1.08342e+11  6263.8    3.348  2.50438e-05  0.0000e+00
  333   1.200  4.60197   1.08597e+11  6261.9    3.360  2.06844e-05  0.0000e+00
  334   1.200  4.61635   1.08853e+11  6260.1    3.372  1.70325e-05  0.0000e+00
  335   1.200  4.63062   1.09111e+11  6258.2    3.383  1.39825e-05  0.0000e+00
  336   1.200  4.64479   1.09370e+11  6256.3    3.395  1.14431e-05  0.0000e+00
  337   1.200  4.65886   1.09630e+11  6254.4    3.407  9.33524e-06  0.0000e+00
