# Input file:  csum.d.01000.Z171479742.X71418029220.a187982123230.o0.27.s
#
# Model M/Msun age (Gyr)    R (cm)   Teff (K)  L/Lsun      Xc           qc
#
    1   1.000  0.00000   6.18368e+10  5648.5    0.721  7.14180e-01  0.0000e+00
    2   1.000  0.00063   6.18369e+10  5648.5    0.721  7.14126e-01  0.0000e+00
    3   1.000  0.02305   6.18594e+10  5648.8    0.722  7.12469e-01  0.0000e+00
    4   1.000  0.06787   6.19213e+10  5650.3    0.724  7.09119e-01  0.0000e+00
    5   1.000  0.13063   6.19938e+10  5652.0    0.727  7.04445e-01  0.0000e+00
    6   1.000  0.21849   6.21098e+10  5654.8    0.731  6.97863e-01  0.0000e+00
    7   1.000  0.34150   6.22616e+10  5658.4    0.736  6.88647e-01  0.0000e+00
    8   1.000  0.51371   6.24896e+10  5663.6    0.744  6.75663e-01  0.0000e+00
    9   1.000  0.75480   6.28056e+10  5670.8    0.756  6.57407e-01  0.0000e+00
   10   1.000  1.00475   6.31526e+10  5678.4    0.768  6.38323e-01  0.0000e+00
   11   1.000  1.24656   6.34900e+10  5685.7    0.780  6.19748e-01  0.0000e+00
   12   1.000  1.48073   6.38355e+10  5692.8    0.793  6.01617e-01  0.0000e+00
   13   1.000  1.70733   6.41718e+10  5699.6    0.805  5.83969e-01  0.0000e+00
   14   1.000  1.92683   6.45154e+10  5706.3    0.818  5.66746e-01  0.0000e+00
   15   1.000  2.13931   6.48504e+10  5712.6    0.830  5.49977e-01  0.0000e+00
   16   1.000  2.34517   6.51918e+10  5718.8    0.842  5.33614e-01  0.0000e+00
   17   1.000  2.54449   6.55253e+10  5724.8    0.854  5.17678e-01  0.0000e+00
   18   1.000  2.73762   6.58640e+10  5730.5    0.867  5.02132e-01  0.0000e+00
   19   1.000  2.92465   6.61953e+10  5735.9    0.879  4.86989e-01  0.0000e+00
   20   1.000  3.10589   6.65308e+10  5741.2    0.891  4.72218e-01  0.0000e+00
   21   1.000  3.28145   6.68597e+10  5746.3    0.903  4.57828e-01  0.0000e+00
   22   1.000  3.45160   6.71916e+10  5751.1    0.915  4.43794e-01  0.0000e+00
   23   1.000  3.61645   6.75173e+10  5755.7    0.927  4.30121e-01  0.0000e+00
   24   1.000  3.77624   6.78451e+10  5760.1    0.939  4.16788e-01  0.0000e+00
   25   1.000  3.93110   6.81678e+10  5764.4    0.951  4.03797e-01  0.0000e+00
   26   1.000  4.08126   6.84913e+10  5768.4    0.962  3.91130e-01  0.0000e+00
   27   1.000  4.22684   6.88106e+10  5772.2    0.974  3.78789e-01  0.0000e+00
   28   1.000  4.36805   6.91292e+10  5775.8    0.985  3.66757e-01  0.0000e+00
   29   1.000  4.50503   6.94447e+10  5779.4    0.997  3.55034e-01  0.0000e+00
   30   1.000  4.63797   6.97589e+10  5782.6    1.008  3.43607e-01  0.0000e+00
   31   1.000  4.76702   7.00706e+10  5785.8    1.019  3.32473e-01  0.0000e+00
   32   1.000  4.89235   7.03802e+10  5788.7    1.031  3.21621e-01  0.0000e+00
   33   1.000  5.01410   7.06882e+10  5791.6    1.042  3.11047e-01  0.0000e+00
   34   1.000  5.13245   7.09934e+10  5794.2    1.053  3.00742e-01  0.0000e+00
   35   1.000  5.24752   7.12979e+10  5796.8    1.063  2.90701e-01  0.0000e+00
   36   1.000  5.35949   7.15990e+10  5799.1    1.074  2.80916e-01  0.0000e+00
   37   1.000  5.46847   7.19003e+10  5801.5    1.085  2.71381e-01  0.0000e+00
   38   1.000  5.57460   7.21976e+10  5803.6    1.096  2.62088e-01  0.0000e+00
   39   1.000  5.67800   7.24957e+10  5805.7    1.106  2.53032e-01  0.0000e+00
   40   1.000  5.77879   7.27895e+10  5807.6    1.117  2.44205e-01  0.0000e+00
   41   1.000  5.87706   7.30848e+10  5809.4    1.127  2.35601e-01  0.0000e+00
   42   1.000  5.97290   7.33753e+10  5811.1    1.138  2.27213e-01  0.0000e+00
   43   1.000  6.06639   7.36675e+10  5812.8    1.148  2.19035e-01  0.0000e+00
   44   1.000  6.15757   7.39546e+10  5814.3    1.158  2.11060e-01  0.0000e+00
   45   1.000  6.24650   7.42436e+10  5815.7    1.168  2.03282e-01  0.0000e+00
   46   1.000  6.33321   7.45266e+10  5817.1    1.178  1.95696e-01  0.0000e+00
   47   1.000  6.41771   7.48116e+10  5818.3    1.188  1.88294e-01  0.0000e+00
   48   1.000  6.50000   7.50899e+10  5819.4    1.198  1.81071e-01  0.0000e+00
   49   1.000  6.58007   7.53695e+10  5820.5    1.208  1.74022e-01  0.0000e+00
   50   1.000  6.65790   7.56418e+10  5821.4    1.218  1.67143e-01  0.0000e+00
   51   1.000  6.73346   7.59144e+10  5822.3    1.227  1.60426e-01  0.0000e+00
   52   1.000  6.80672   7.61789e+10  5823.1    1.236  1.53871e-01  0.0000e+00
   53   1.000  6.87766   7.64426e+10  5823.8    1.245  1.47470e-01  0.0000e+00
   54   1.000  6.94624   7.66975e+10  5824.3    1.254  1.41222e-01  0.0000e+00
   55   1.000  7.01245   7.69504e+10  5824.8    1.263  1.35123e-01  0.0000e+00
   56   1.000  7.07627   7.71940e+10  5825.2    1.271  1.29171e-01  0.0000e+00
   57   1.000  7.13770   7.74345e+10  5825.5    1.279  1.23363e-01  0.0000e+00
   58   1.000  7.19678   7.76654e+10  5825.7    1.287  1.17696e-01  0.0000e+00
   59   1.000  7.25353   7.78922e+10  5825.8    1.295  1.12169e-01  0.0000e+00
   60   1.000  7.30800   7.81096e+10  5825.8    1.302  1.06781e-01  0.0000e+00
   61   1.000  7.36026   7.83226e+10  5825.8    1.309  1.01529e-01  0.0000e+00
   62   1.000  7.41041   7.85264e+10  5825.6    1.316  9.64117e-02  0.0000e+00
   63   1.000  7.45854   7.87257e+10  5825.4    1.322  9.14281e-02  0.0000e+00
   64   1.000  7.50476   7.89169e+10  5825.2    1.329  8.65764e-02  0.0000e+00
   65   1.000  7.54921   7.91037e+10  5824.9    1.335  8.18550e-02  0.0000e+00
   66   1.000  7.59201   7.92837e+10  5824.6    1.340  7.72621e-02  0.0000e+00
   67   1.000  7.63332   7.94598e+10  5824.2    1.346  7.27959e-02  0.0000e+00
   68   1.000  7.67327   7.96308e+10  5823.8    1.351  6.84545e-02  0.0000e+00
   69   1.000  7.71204   7.97987e+10  5823.3    1.357  6.42358e-02  0.0000e+00
   70   1.000  7.74977   7.99632e+10  5822.8    1.362  6.01376e-02  0.0000e+00
   71   1.000  7.78663   8.01256e+10  5822.3    1.367  5.61579e-02  0.0000e+00
   72   1.000  7.82279   8.02865e+10  5821.8    1.372  5.22941e-02  0.0000e+00
   73   1.000  7.85843   8.04469e+10  5821.3    1.377  4.85433e-02  0.0000e+00
   74   1.000  7.89371   8.06076e+10  5820.8    1.382  4.49070e-02  0.0000e+00
   75   1.000  7.92885   8.07696e+10  5820.2    1.387  4.13784e-02  0.0000e+00
   76   1.000  7.96404   8.09342e+10  5819.7    1.392  3.79583e-02  0.0000e+00
   77   1.000  7.99937   8.11015e+10  5819.2    1.397  3.46568e-02  0.0000e+00
   78   1.000  8.03485   8.12728e+10  5818.6    1.403  3.14920e-02  0.0000e+00
   79   1.000  8.07049   8.14465e+10  5818.1    1.408  2.84783e-02  0.0000e+00
   80   1.000  8.10630   8.16247e+10  5817.6    1.414  2.56299e-02  0.0000e+00
   81   1.000  8.14229   8.18063e+10  5817.1    1.420  2.29568e-02  0.0000e+00
   82   1.000  8.17846   8.19925e+10  5816.6    1.426  2.04673e-02  0.0000e+00
   83   1.000  8.21479   8.21821e+10  5816.1    1.432  1.81650e-02  0.0000e+00
   84   1.000  8.25128   8.23764e+10  5815.6    1.438  1.60517e-02  0.0000e+00
   85   1.000  8.28791   8.25748e+10  5815.1    1.445  1.41246e-02  0.0000e+00
   86   1.000  8.32465   8.27763e+10  5814.6    1.451  1.23793e-02  0.0000e+00
   87   1.000  8.36149   8.29815e+10  5814.1    1.458  1.08080e-02  0.0000e+00
   88   1.000  8.39839   8.31911e+10  5813.6    1.465  9.40198e-03  0.0000e+00
   89   1.000  8.43533   8.34040e+10  5813.1    1.472  8.15091e-03  0.0000e+00
   90   1.000  8.47229   8.36209e+10  5812.6    1.479  7.04352e-03  0.0000e+00
   91   1.000  8.50923   8.38405e+10  5812.0    1.486  6.06705e-03  0.0000e+00
   92   1.000  8.54612   8.40642e+10  5811.5    1.493  5.21042e-03  0.0000e+00
   93   1.000  8.58295   8.42896e+10  5810.9    1.501  4.46140e-03  0.0000e+00
   94   1.000  8.61968   8.45193e+10  5810.2    1.508  3.80911e-03  0.0000e+00
   95   1.000  8.65630   8.47509e+10  5809.6    1.516  3.24313e-03  0.0000e+00
   96   1.000  8.69277   8.49856e+10  5808.9    1.524  2.75355e-03  0.0000e+00
   97   1.000  8.72909   8.52231e+10  5808.2    1.531  2.33140e-03  0.0000e+00
   98   1.000  8.76522   8.54628e+10  5807.4    1.539  1.96997e-03  0.0000e+00
   99   1.000  8.80115   8.57047e+10  5806.6    1.547  1.65928e-03  0.0000e+00
  100   1.000  8.83687   8.59492e+10  5805.8    1.555  1.39370e-03  0.0000e+00
  101   1.000  8.87236   8.61962e+10  5804.9    1.563  1.16735e-03  0.0000e+00
  102   1.000  8.90760   8.64451e+10  5804.1    1.571  9.75155e-04  0.0000e+00
