# Input file:  csum.d.01000.Z171479742.X71418029220.a187982123230.o0.27.s
#
# Model M/Msun age (Gyr)    R (cm)   Teff (K)  L/Lsun      Xc           qc
#
    1   1.000  0.00000   6.18926e+10  5640.3    0.718  7.14180e-01  0.0000e+00
    2   1.000  0.00063   6.18927e+10  5640.3    0.718  7.14126e-01  0.0000e+00
    3   1.000  0.02302   6.19152e+10  5640.6    0.719  7.12478e-01  0.0000e+00
    4   1.000  0.06779   6.19765e+10  5642.2    0.721  7.09145e-01  0.0000e+00
    5   1.000  0.13046   6.20486e+10  5643.9    0.724  7.04496e-01  0.0000e+00
    6   1.000  0.21821   6.21636e+10  5646.7    0.728  6.97948e-01  0.0000e+00
    7   1.000  0.34106   6.23144e+10  5650.2    0.733  6.88782e-01  0.0000e+00
    8   1.000  0.51305   6.25407e+10  5655.5    0.741  6.75868e-01  0.0000e+00
    9   1.000  0.75383   6.28543e+10  5662.7    0.753  6.57713e-01  0.0000e+00
   10   1.000  1.00494   6.32005e+10  5670.4    0.765  6.38624e-01  0.0000e+00
   11   1.000  1.24793   6.35376e+10  5677.7    0.777  6.20044e-01  0.0000e+00
   12   1.000  1.48328   6.38825e+10  5684.9    0.790  6.01909e-01  0.0000e+00
   13   1.000  1.71104   6.42186e+10  5691.8    0.802  5.84256e-01  0.0000e+00
   14   1.000  1.93171   6.45618e+10  5698.5    0.814  5.67029e-01  0.0000e+00
   15   1.000  2.14536   6.48968e+10  5704.9    0.827  5.50256e-01  0.0000e+00
   16   1.000  2.35238   6.52381e+10  5711.2    0.839  5.33888e-01  0.0000e+00
   17   1.000  2.55287   6.55717e+10  5717.2    0.851  5.17949e-01  0.0000e+00
   18   1.000  2.74716   6.59105e+10  5723.0    0.863  5.02398e-01  0.0000e+00
   19   1.000  2.93536   6.62421e+10  5728.6    0.876  4.87251e-01  0.0000e+00
   20   1.000  3.11776   6.65779e+10  5733.9    0.888  4.72477e-01  0.0000e+00
   21   1.000  3.29448   6.69074e+10  5739.0    0.900  4.58083e-01  0.0000e+00
   22   1.000  3.46578   6.72398e+10  5743.9    0.912  4.44045e-01  0.0000e+00
   23   1.000  3.63178   6.75665e+10  5748.6    0.924  4.30368e-01  0.0000e+00
   24   1.000  3.79271   6.78950e+10  5753.1    0.936  4.17031e-01  0.0000e+00
   25   1.000  3.94872   6.82187e+10  5757.4    0.947  4.04036e-01  0.0000e+00
   26   1.000  4.10000   6.85431e+10  5761.5    0.959  3.91366e-01  0.0000e+00
   27   1.000  4.24670   6.88634e+10  5765.5    0.971  3.79020e-01  0.0000e+00
   28   1.000  4.38902   6.91835e+10  5769.1    0.982  3.66985e-01  0.0000e+00
   29   1.000  4.52709   6.95001e+10  5772.8    0.994  3.55257e-01  0.0000e+00
   30   1.000  4.66111   6.98156e+10  5776.1    1.005  3.43826e-01  0.0000e+00
   31   1.000  4.79122   7.01288e+10  5779.3    1.017  3.32688e-01  0.0000e+00
   32   1.000  4.91760   7.04399e+10  5782.3    1.028  3.21832e-01  0.0000e+00
   33   1.000  5.04039   7.07497e+10  5785.3    1.039  3.11254e-01  0.0000e+00
   34   1.000  5.15976   7.10566e+10  5788.0    1.050  3.00945e-01  0.0000e+00
   35   1.000  5.27585   7.13629e+10  5790.6    1.061  2.90901e-01  0.0000e+00
   36   1.000  5.38881   7.16658e+10  5793.1    1.072  2.81112e-01  0.0000e+00
   37   1.000  5.49878   7.19692e+10  5795.5    1.083  2.71574e-01  0.0000e+00
   38   1.000  5.60590   7.22685e+10  5797.6    1.093  2.62278e-01  0.0000e+00
   39   1.000  5.71028   7.25691e+10  5799.8    1.104  2.53219e-01  0.0000e+00
   40   1.000  5.81204   7.28651e+10  5801.8    1.115  2.44390e-01  0.0000e+00
   41   1.000  5.91130   7.31631e+10  5803.7    1.125  2.35785e-01  0.0000e+00
   42   1.000  6.00814   7.34562e+10  5805.4    1.136  2.27396e-01  0.0000e+00
   43   1.000  6.10263   7.37515e+10  5807.2    1.146  2.19217e-01  0.0000e+00
   44   1.000  6.19485   7.40415e+10  5808.7    1.156  2.11242e-01  0.0000e+00
   45   1.000  6.28484   7.43340e+10  5810.3    1.167  2.03465e-01  0.0000e+00
   46   1.000  6.37264   7.46207e+10  5811.6    1.177  1.95879e-01  0.0000e+00
   47   1.000  6.45826   7.49096e+10  5813.0    1.187  1.88479e-01  0.0000e+00
   48   1.000  6.54171   7.51920e+10  5814.2    1.197  1.81258e-01  0.0000e+00
   49   1.000  6.62299   7.54763e+10  5815.3    1.207  1.74211e-01  0.0000e+00
   50   1.000  6.70206   7.57533e+10  5816.3    1.217  1.67333e-01  0.0000e+00
   51   1.000  6.77891   7.60313e+10  5817.3    1.227  1.60619e-01  0.0000e+00
   52   1.000  6.85350   7.63013e+10  5818.1    1.236  1.54065e-01  0.0000e+00
   53   1.000  6.92579   7.65710e+10  5818.9    1.245  1.47666e-01  0.0000e+00
   54   1.000  6.99575   7.68319e+10  5819.5    1.254  1.41419e-01  0.0000e+00
   55   1.000  7.06335   7.70914e+10  5820.0    1.263  1.35320e-01  0.0000e+00
   56   1.000  7.12857   7.73416e+10  5820.5    1.272  1.29367e-01  0.0000e+00
   57   1.000  7.19140   7.75888e+10  5820.8    1.280  1.23557e-01  0.0000e+00
   58   1.000  7.25186   7.78264e+10  5821.1    1.289  1.17888e-01  0.0000e+00
   59   1.000  7.30995   7.80604e+10  5821.3    1.296  1.12358e-01  0.0000e+00
   60   1.000  7.36574   7.82845e+10  5821.3    1.304  1.06965e-01  0.0000e+00
   61   1.000  7.41927   7.85042e+10  5821.3    1.311  1.01708e-01  0.0000e+00
   62   1.000  7.47063   7.87146e+10  5821.2    1.318  9.65849e-02  0.0000e+00
   63   1.000  7.51990   7.89203e+10  5821.1    1.325  9.15945e-02  0.0000e+00
   64   1.000  7.56720   7.91174e+10  5820.9    1.331  8.67354e-02  0.0000e+00
   65   1.000  7.61265   7.93101e+10  5820.6    1.338  8.20060e-02  0.0000e+00
   66   1.000  7.65638   7.94955e+10  5820.3    1.344  7.74048e-02  0.0000e+00
   67   1.000  7.69854   7.96769e+10  5820.0    1.349  7.29300e-02  0.0000e+00
   68   1.000  7.73928   7.98526e+10  5819.6    1.355  6.85798e-02  0.0000e+00
   69   1.000  7.77875   8.00251e+10  5819.1    1.361  6.43525e-02  0.0000e+00
   70   1.000  7.81712   8.01936e+10  5818.7    1.366  6.02457e-02  0.0000e+00
   71   1.000  7.85455   8.03600e+10  5818.2    1.371  5.62575e-02  0.0000e+00
   72   1.000  7.89122   8.05244e+10  5817.7    1.376  5.23856e-02  0.0000e+00
   73   1.000  7.92730   8.06882e+10  5817.2    1.381  4.86274e-02  0.0000e+00
   74   1.000  7.96297   8.08519e+10  5816.7    1.386  4.49829e-02  0.0000e+00
   75   1.000  7.99843   8.10166e+10  5816.2    1.392  4.14475e-02  0.0000e+00
   76   1.000  8.03391   8.11838e+10  5815.6    1.397  3.80205e-02  0.0000e+00
   77   1.000  8.06950   8.13538e+10  5815.1    1.402  3.47093e-02  0.0000e+00
   78   1.000  8.10524   8.15273e+10  5814.6    1.408  3.15321e-02  0.0000e+00
   79   1.000  8.14113   8.17040e+10  5814.1    1.413  2.85044e-02  0.0000e+00
   80   1.000  8.17718   8.18850e+10  5813.5    1.419  2.56408e-02  0.0000e+00
   81   1.000  8.21341   8.20692e+10  5813.0    1.425  2.29523e-02  0.0000e+00
   82   1.000  8.24981   8.22583e+10  5812.5    1.431  2.04475e-02  0.0000e+00
   83   1.000  8.28636   8.24508e+10  5812.0    1.437  1.81312e-02  0.0000e+00
   84   1.000  8.32307   8.26478e+10  5811.5    1.444  1.60051e-02  0.0000e+00
   85   1.000  8.35992   8.28484e+10  5811.0    1.450  1.40672e-02  0.0000e+00
   86   1.000  8.39688   8.30538e+10  5810.5    1.457  1.23129e-02  0.0000e+00
   87   1.000  8.43392   8.32625e+10  5810.0    1.464  1.07349e-02  0.0000e+00
   88   1.000  8.47104   8.34754e+10  5809.5    1.471  9.32404e-03  0.0000e+00
   89   1.000  8.50818   8.36920e+10  5809.0    1.478  8.07021e-03  0.0000e+00
   90   1.000  8.54534   8.39122e+10  5808.4    1.485  6.96172e-03  0.0000e+00
   91   1.000  8.58247   8.41353e+10  5807.9    1.492  5.98573e-03  0.0000e+00
   92   1.000  8.61955   8.43625e+10  5807.3    1.500  5.13055e-03  0.0000e+00
   93   1.000  8.65656   8.45920e+10  5806.7    1.507  4.38449e-03  0.0000e+00
   94   1.000  8.69347   8.48254e+10  5806.0    1.515  3.73573e-03  0.0000e+00
   95   1.000  8.73025   8.50607e+10  5805.4    1.523  3.17392e-03  0.0000e+00
   96   1.000  8.76688   8.52994e+10  5804.7    1.530  2.68883e-03  0.0000e+00
   97   1.000  8.80334   8.55402e+10  5803.9    1.538  2.27155e-03  0.0000e+00
   98   1.000  8.83961   8.57836e+10  5803.2    1.546  1.91482e-03  0.0000e+00
   99   1.000  8.87567   8.60313e+10  5802.3    1.554  1.60897e-03  0.0000e+00
  100   1.000  8.91151   8.62788e+10  5801.5    1.562  1.34803e-03  0.0000e+00
  101   1.000  8.94711   8.65286e+10  5800.7    1.571  1.12623e-03  0.0000e+00
  102   1.000  8.98246   8.67815e+10  5799.8    1.579  9.38247e-04  0.0000e+00
