# Input file:  csum.01200.Z171479742.X71418029220.a187982123230.o0.27.s
#
# Model M/Msun age (Gyr)    R (cm)   Teff (K)  L/Lsun      Xc           qc
#
    1   1.200  0.00000   7.66863e+10  6306.4    1.723  7.14180e-01  4.7139e-03
    2   1.200  0.00063   7.66868e+10  6306.3    1.723  7.14096e-01  4.7493e-03
    3   1.200  0.02448   7.67609e+10  6307.2    1.728  7.10902e-01  4.4156e-03
    4   1.200  0.05476   7.68604e+10  6308.4    1.733  7.06816e-01  4.0201e-03
    5   1.200  0.08464   7.69591e+10  6309.6    1.739  7.02751e-01  3.6506e-03
    6   1.200  0.11416   7.70571e+10  6310.9    1.745  6.98707e-01  3.3038e-03
    7   1.200  0.14330   7.71545e+10  6312.0    1.751  6.94684e-01  2.9785e-03
    8   1.200  0.17208   7.72513e+10  6313.2    1.756  6.90682e-01  2.6737e-03
    9   1.200  0.20052   7.73474e+10  6314.4    1.762  6.86700e-01  2.3886e-03
   10   1.200  0.22861   7.74431e+10  6315.5    1.768  6.82739e-01  2.1224e-03
   11   1.200  0.25636   7.75381e+10  6316.6    1.773  6.78798e-01  1.8742e-03
   12   1.200  0.28378   7.76325e+10  6317.7    1.779  6.74877e-01  1.6435e-03
   13   1.200  0.31088   7.77264e+10  6318.8    1.784  6.70977e-01  1.4294e-03
   14   1.200  0.33765   7.78198e+10  6319.9    1.790  6.67096e-01  1.2315e-03
   15   1.200  0.36412   7.79126e+10  6320.9    1.795  6.63235e-01  1.0490e-03
   16   1.200  0.39028   7.80048e+10  6321.9    1.801  6.59394e-01  8.8155e-04
   17   1.200  0.41614   7.80965e+10  6322.9    1.806  6.55573e-01  7.2864e-04
   18   1.200  0.44171   7.81877e+10  6323.9    1.812  6.51771e-01  5.8990e-04
   19   1.200  0.46699   7.82784e+10  6324.9    1.817  6.47988e-01  4.6517e-04
   20   1.200  0.49198   7.83685e+10  6325.9    1.822  6.44225e-01  3.5391e-04
   21   1.200  0.51670   7.84582e+10  6326.8    1.827  6.40482e-01  2.5612e-04
   22   1.200  0.54114   7.85473e+10  6327.7    1.833  6.36757e-01  1.7193e-04
   23   1.200  0.56531   7.86359e+10  6328.6    1.838  6.33051e-01  1.0179e-04
   24   1.200  0.58922   7.87241e+10  6329.6    1.843  6.29364e-01  4.5600e-05
   25   1.200  0.61287   7.88117e+10  6330.4    1.848  6.25696e-01  9.2339e-06
   26   1.200  0.63626   7.88989e+10  6331.3    1.853  6.22057e-01  0.0000e+00
   27   1.200  0.66901   7.90215e+10  6332.5    1.860  6.16953e-01  0.0000e+00
   28   1.200  0.71485   7.91951e+10  6334.2    1.871  6.09773e-01  0.0000e+00
   29   1.200  0.77904   7.94413e+10  6336.5    1.885  5.99650e-01  0.0000e+00
   30   1.200  0.86890   7.97921e+10  6339.6    1.905  5.85332e-01  0.0000e+00
   31   1.200  0.97647   8.02218e+10  6343.3    1.930  5.67955e-01  0.0000e+00
   32   1.200  1.07987   8.06451e+10  6346.7    1.955  5.50988e-01  0.0000e+00
   33   1.200  1.17908   8.10612e+10  6349.8    1.979  5.34445e-01  0.0000e+00
   34   1.200  1.27423   8.14697e+10  6352.6    2.003  5.18317e-01  0.0000e+00
   35   1.200  1.36546   8.18702e+10  6355.1    2.026  5.02594e-01  0.0000e+00
   36   1.200  1.45289   8.22625e+10  6357.4    2.048  4.87266e-01  0.0000e+00
   37   1.200  1.53666   8.26464e+10  6359.5    2.070  4.72323e-01  0.0000e+00
   38   1.200  1.61691   8.30216e+10  6361.4    2.091  4.57757e-01  0.0000e+00
   39   1.200  1.69374   8.33881e+10  6363.0    2.112  4.43559e-01  0.0000e+00
   40   1.200  1.76731   8.37456e+10  6364.4    2.132  4.29718e-01  0.0000e+00
   41   1.200  1.83772   8.40942e+10  6365.7    2.151  4.16228e-01  0.0000e+00
   42   1.200  1.90509   8.44337e+10  6366.7    2.170  4.03079e-01  0.0000e+00
   43   1.200  1.96956   8.47640e+10  6367.6    2.189  3.90263e-01  0.0000e+00
   44   1.200  2.03123   8.50852e+10  6368.3    2.206  3.77772e-01  0.0000e+00
   45   1.200  2.09022   8.53973e+10  6368.9    2.223  3.65599e-01  0.0000e+00
   46   1.200  2.14665   8.57003e+10  6369.3    2.240  3.53735e-01  0.0000e+00
   47   1.200  2.20061   8.59942e+10  6369.6    2.255  3.42173e-01  0.0000e+00
   48   1.200  2.25222   8.62792e+10  6369.7    2.271  3.30906e-01  0.0000e+00
   49   1.200  2.30158   8.65554e+10  6369.8    2.285  3.19926e-01  0.0000e+00
   50   1.200  2.34879   8.68228e+10  6369.7    2.299  3.09226e-01  0.0000e+00
   51   1.200  2.39394   8.70817e+10  6369.6    2.313  2.98800e-01  0.0000e+00
   52   1.200  2.43714   8.73321e+10  6369.3    2.326  2.88642e-01  0.0000e+00
   53   1.200  2.47846   8.75743e+10  6369.0    2.338  2.78743e-01  0.0000e+00
   54   1.200  2.51800   8.78084e+10  6368.6    2.350  2.69099e-01  0.0000e+00
   55   1.200  2.55584   8.80347e+10  6368.1    2.361  2.59727e-01  6.7914e-05
   56   1.200  2.56103   8.80664e+10  6368.0    2.363  2.58385e-01  1.1293e-05
   57   1.200  2.56824   8.81098e+10  6367.9    2.365  2.56576e-01  1.3884e-05
   58   1.200  2.57536   8.81527e+10  6367.8    2.367  2.54791e-01  1.7211e-05
   59   1.200  2.58243   8.81955e+10  6367.7    2.369  2.53015e-01  2.0888e-05
   60   1.200  2.58945   8.82380e+10  6367.6    2.372  2.51246e-01  2.4535e-05
   61   1.200  2.59643   8.82803e+10  6367.5    2.374  2.49486e-01  2.8145e-05
   62   1.200  2.60336   8.83225e+10  6367.4    2.376  2.47736e-01  3.1836e-05
   63   1.200  2.61024   8.83643e+10  6367.2    2.378  2.45994e-01  3.5588e-05
   64   1.200  2.61707   8.84060e+10  6367.1    2.380  2.44261e-01  3.9331e-05
   65   1.200  2.62386   8.84474e+10  6367.0    2.382  2.51464e-01  4.3279e-04
   66   1.200  2.62552   8.84582e+10  6367.0    2.382  2.51048e-01  4.0516e-04
   67   1.200  2.62784   8.84723e+10  6366.9    2.383  2.50464e-01  4.0817e-04
   68   1.200  2.63108   8.84921e+10  6366.9    2.384  2.49645e-01  4.1226e-04
   69   1.200  2.63563   8.85199e+10  6366.8    2.386  2.48497e-01  4.1819e-04
   70   1.200  2.64199   8.85590e+10  6366.6    2.387  2.47606e-01  4.8172e-04
   71   1.200  2.65090   8.86138e+10  6366.5    2.390  2.46547e-01  5.6473e-04
   72   1.200  2.66337   8.86907e+10  6366.2    2.394  2.45053e-01  6.8844e-04
   73   1.200  2.67777   8.87799e+10  6365.9    2.398  2.43396e-01  8.4741e-04
   74   1.200  2.69270   8.88726e+10  6365.6    2.403  2.41529e-01  1.0105e-03
   75   1.200  2.70635   8.89577e+10  6365.2    2.407  2.39735e-01  1.1607e-03
   76   1.200  2.71928   8.90385e+10  6364.9    2.411  2.38080e-01  1.3127e-03
   77   1.200  2.73249   8.91214e+10  6364.6    2.415  2.36336e-01  1.4687e-03
   78   1.200  2.74522   8.92016e+10  6364.2    2.419  2.34466e-01  1.6060e-03
   79   1.200  2.75662   8.92735e+10  6363.9    2.422  2.33405e-01  1.7932e-03
   80   1.200  2.77257   8.93745e+10  6363.5    2.427  2.31571e-01  2.0305e-03
   81   1.200  2.78699   8.94662e+10  6363.0    2.431  2.29910e-01  2.2524e-03
   82   1.200  2.80131   8.95575e+10  6362.6    2.435  2.28260e-01  2.4803e-03
   83   1.200  2.81555   8.96486e+10  6362.1    2.440  2.26629e-01  2.7145e-03
   84   1.200  2.82981   8.97402e+10  6361.6    2.444  2.25157e-01  2.9740e-03
   85   1.200  2.84557   8.98417e+10  6361.1    2.449  2.23623e-01  3.2788e-03
   86   1.200  2.86219   8.99492e+10  6360.5    2.453  2.22096e-01  3.6219e-03
   87   1.200  2.87971   9.00630e+10  6359.8    2.459  2.20610e-01  4.0102e-03
   88   1.200  2.89863   9.01864e+10  6359.0    2.464  2.19013e-01  4.4437e-03
   89   1.200  2.91752   9.03103e+10  6358.3    2.470  2.17198e-01  4.8610e-03
   90   1.200  2.93403   9.04190e+10  6357.5    2.475  2.15804e-01  5.2606e-03
   91   1.200  2.95273   9.05424e+10  6356.7    2.480  2.14554e-01  5.7718e-03
   92   1.200  2.97627   9.06988e+10  6355.6    2.487  2.12522e-01  6.3723e-03
   93   1.200  2.99436   9.08197e+10  6354.7    2.492  2.10840e-01  6.8260e-03
   94   1.200  3.01109   9.09318e+10  6353.8    2.497  2.09438e-01  7.2769e-03
   95   1.200  3.02955   9.10560e+10  6352.8    2.502  2.08117e-01  7.8189e-03
   96   1.200  3.05109   9.12019e+10  6351.7    2.508  2.06011e-01  8.3798e-03
   97   1.200  3.06673   9.13084e+10  6350.8    2.513  2.04529e-01  8.7994e-03
   98   1.200  3.08280   9.14181e+10  6349.8    2.517  2.03134e-01  9.2575e-03
   99   1.200  3.10027   9.15379e+10  6348.8    2.522  2.01461e-01  9.7393e-03
  100   1.200  3.11600   9.16465e+10  6347.8    2.527  1.99059e-01  1.0030e-02
  101   1.200  3.12580   9.17139e+10  6347.2    2.529  1.99213e-01  1.0485e-02
  102   1.200  3.13952   9.18090e+10  6346.3    2.533  1.97800e-01  1.0859e-02
  103   1.200  3.15398   9.19096e+10  6345.3    2.537  1.96440e-01  1.1277e-02
  104   1.200  3.16973   9.20199e+10  6344.2    2.542  1.94666e-01  1.1692e-02
  105   1.200  3.18282   9.21116e+10  6343.3    2.545  1.93287e-01  1.2055e-02
  106   1.200  3.19674   9.22093e+10  6342.3    2.549  1.92095e-01  1.2490e-02
  107   1.200  3.21177   9.23157e+10  6341.2    2.553  1.90321e-01  1.2880e-02
  108   1.200  3.22407   9.24029e+10  6340.3    2.556  1.88699e-01  1.3171e-02
  109   1.200  3.23502   9.24811e+10  6339.5    2.559  1.87878e-01  1.3541e-02
  110   1.200  3.24760   9.25702e+10  6338.5    2.563  1.86790e-01  1.3944e-02
  111   1.200  3.26081   9.26654e+10  6337.5    2.566  1.84634e-01  1.4192e-02
  112   1.200  3.26953   9.27285e+10  6336.8    2.569  1.83669e-01  1.4440e-02
  113   1.200  3.28174   9.28159e+10  6335.8    2.572  1.82190e-01  1.4764e-02
  114   1.200  3.29340   9.29009e+10  6334.9    2.575  1.80832e-01  1.5085e-02
  115   1.200  3.30545   9.29883e+10  6333.9    2.578  1.79132e-01  1.5366e-02
  116   1.200  3.31534   9.30605e+10  6333.1    2.581  1.77971e-01  1.5637e-02
  117   1.200  3.32358   9.31205e+10  6332.3    2.583  1.77543e-01  1.5964e-02
  118   1.200  3.33511   9.32045e+10  6331.3    2.586  1.75647e-01  1.6188e-02
  119   1.200  3.34349   9.32664e+10  6330.6    2.589  1.74931e-01  1.6470e-02
  120   1.200  3.35522   9.33526e+10  6329.5    2.592  1.73340e-01  1.6760e-02
  121   1.200  3.36530   9.34273e+10  6328.6    2.594  1.71023e-01  1.6837e-02
  122   1.200  3.37119   9.34717e+10  6328.1    2.596  1.71237e-01  1.7173e-02
  123   1.200  3.37944   9.35320e+10  6327.4    2.598  1.70106e-01  1.7375e-02
  124   1.200  3.38824   9.35977e+10  6326.5    2.600  1.68531e-01  1.7527e-02
  125   1.200  3.39575   9.36541e+10  6325.8    2.602  1.67394e-01  1.7696e-02
  126   1.200  3.40457   9.37201e+10  6325.0    2.605  1.66215e-01  1.7924e-02
  127   1.200  3.41454   9.37948e+10  6324.1    2.607  1.64673e-01  1.8141e-02
  128   1.200  3.42309   9.38594e+10  6323.2    2.609  1.63195e-01  1.8298e-02
  129   1.200  3.43071   9.39171e+10  6322.5    2.611  1.62181e-01  1.8498e-02
  130   1.200  3.44055   9.39917e+10  6321.5    2.614  1.60434e-01  1.8677e-02
  131   1.200  3.44790   9.40476e+10  6320.8    2.616  1.59252e-01  1.8831e-02
  132   1.200  3.45595   9.41091e+10  6320.0    2.618  1.57640e-01  1.8941e-02
  133   1.200  3.46238   9.41584e+10  6319.4    2.620  1.56393e-01  1.9041e-02
  134   1.200  3.46899   9.42092e+10  6318.7    2.621  1.55029e-01  1.9124e-02
  135   1.200  3.46939   9.42131e+10  6318.7    2.622  1.55123e-01  1.9166e-02
  136   1.200  3.47019   9.42190e+10  6318.6    2.622  1.54902e-01  1.8543e-02
  137   1.200  3.47131   9.42283e+10  6318.5    2.622  1.54971e-01  1.9234e-02
  138   1.200  3.47355   9.42450e+10  6318.3    2.623  1.55030e-01  1.9359e-02
  139   1.200  3.47669   9.42673e+10  6318.0    2.623  1.54163e-01  1.8647e-02
  140   1.200  3.48108   9.43019e+10  6317.5    2.625  1.52932e-01  1.8647e-02
  141   1.200  3.48559   9.43374e+10  6317.1    2.626  1.51666e-01  1.8665e-02
  142   1.200  3.49008   9.43725e+10  6316.7    2.627  1.50879e-01  1.9435e-02
  143   1.200  3.49636   9.44210e+10  6316.0    2.629  1.49455e-01  1.9492e-02
  144   1.200  3.50187   9.44639e+10  6315.5    2.630  1.48125e-01  1.9528e-02
  145   1.200  3.50700   9.45040e+10  6315.0    2.632  1.46870e-01  1.9559e-02
  146   1.200  3.51205   9.45436e+10  6314.5    2.633  1.45594e-01  1.9583e-02
  147   1.200  3.51691   9.45819e+10  6314.0    2.634  1.44227e-01  1.8851e-02
  148   1.200  3.52126   9.46163e+10  6313.6    2.635  1.42991e-01  1.8845e-02
  149   1.200  3.52552   9.46502e+10  6313.2    2.637  1.41773e-01  1.8835e-02
  150   1.200  3.52976   9.46838e+10  6312.8    2.638  1.40562e-01  1.8824e-02
  151   1.200  3.53397   9.47173e+10  6312.4    2.639  1.39356e-01  1.8812e-02
  152   1.200  3.53815   9.47507e+10  6312.0    2.640  1.38157e-01  1.8800e-02
  153   1.200  3.54229   9.47839e+10  6311.6    2.641  1.36964e-01  1.8786e-02
  154   1.200  3.54641   9.48169e+10  6311.2    2.643  1.35776e-01  1.8771e-02
  155   1.200  3.55050   9.48498e+10  6310.8    2.644  1.34595e-01  1.8754e-02
  156   1.200  3.55457   9.48826e+10  6310.4    2.645  1.33419e-01  1.8736e-02
  157   1.200  3.55860   9.49152e+10  6310.1    2.646  1.32250e-01  1.8718e-02
  158   1.200  3.56260   9.49476e+10  6309.7    2.647  1.31086e-01  1.8698e-02
  159   1.200  3.56658   9.49799e+10  6309.3    2.649  1.29928e-01  1.8677e-02
  160   1.200  3.57053   9.50121e+10  6309.0    2.650  1.28776e-01  1.8654e-02
  161   1.200  3.57445   9.50441e+10  6308.6    2.651  1.27630e-01  1.8631e-02
  162   1.200  3.57834   9.50760e+10  6308.2    2.652  1.26490e-01  1.8606e-02
  163   1.200  3.58221   9.51078e+10  6307.9    2.653  1.25355e-01  1.8580e-02
  164   1.200  3.58605   9.51394e+10  6307.6    2.655  1.24226e-01  1.8553e-02
  165   1.200  3.58986   9.51709e+10  6307.2    2.656  1.23102e-01  1.8524e-02
  166   1.200  3.59365   9.52023e+10  6306.9    2.657  1.21984e-01  1.8494e-02
  167   1.200  3.59741   9.52335e+10  6306.6    2.658  1.20872e-01  1.8464e-02
  168   1.200  3.60114   9.52646e+10  6306.2    2.659  1.19766e-01  1.8431e-02
  169   1.200  3.60485   9.52956e+10  6305.9    2.661  1.18665e-01  1.8397e-02
  170   1.200  3.60853   9.53264e+10  6305.6    2.662  1.17569e-01  1.8363e-02
  171   1.200  3.61219   9.53572e+10  6305.3    2.663  1.16479e-01  1.8326e-02
  172   1.200  3.61582   9.53878e+10  6305.0    2.664  1.15394e-01  1.8289e-02
  173   1.200  3.61942   9.54183e+10  6304.7    2.665  1.14315e-01  1.8250e-02
  174   1.200  3.62300   9.54487e+10  6304.4    2.667  1.13241e-01  1.8211e-02
  175   1.200  3.62656   9.54789e+10  6304.1    2.668  1.12173e-01  1.8169e-02
  176   1.200  3.63009   9.55091e+10  6303.9    2.669  1.11110e-01  1.8127e-02
  177   1.200  3.63359   9.55391e+10  6303.6    2.670  1.10052e-01  1.8083e-02
  178   1.200  3.63708   9.55691e+10  6303.3    2.671  1.09000e-01  1.8037e-02
  179   1.200  3.64053   9.55989e+10  6303.1    2.673  1.07953e-01  1.7991e-02
  180   1.200  3.64397   9.56287e+10  6302.8    2.674  1.06911e-01  1.7943e-02
  181   1.200  3.64738   9.56582e+10  6302.6    2.675  1.05874e-01  1.7894e-02
  182   1.200  3.65076   9.56877e+10  6302.3    2.676  1.04843e-01  1.7843e-02
  183   1.200  3.65413   9.57172e+10  6302.1    2.678  1.03817e-01  1.7791e-02
  184   1.200  3.65747   9.57465e+10  6301.8    2.679  1.02795e-01  1.7737e-02
  185   1.200  3.66078   9.57757e+10  6301.6    2.680  1.01779e-01  1.7682e-02
  186   1.200  3.66407   9.58049e+10  6301.4    2.681  1.00769e-01  1.7626e-02
  187   1.200  3.66735   9.58339e+10  6301.2    2.683  9.97627e-02  1.7569e-02
  188   1.200  3.67059   9.58628e+10  6301.0    2.684  9.87620e-02  1.7509e-02
  189   1.200  3.67382   9.58917e+10  6300.8    2.685  9.77662e-02  1.7448e-02
  190   1.200  3.67702   9.59204e+10  6300.6    2.686  9.67754e-02  1.7387e-02
  191   1.200  3.68020   9.59491e+10  6300.4    2.688  9.57896e-02  1.7324e-02
  192   1.200  3.68336   9.59777e+10  6300.2    2.689  9.48087e-02  1.7258e-02
  193   1.200  3.68650   9.60062e+10  6300.0    2.690  9.38328e-02  1.7192e-02
  194   1.200  3.68962   9.60347e+10  6299.9    2.692  9.28617e-02  1.7123e-02
  195   1.200  3.69271   9.60630e+10  6299.7    2.693  9.18955e-02  1.7054e-02
  196   1.200  3.69579   9.60913e+10  6299.6    2.694  9.09342e-02  1.6983e-02
  197   1.200  3.69884   9.61195e+10  6299.4    2.696  8.99776e-02  1.6910e-02
  198   1.200  3.70187   9.61476e+10  6299.3    2.697  8.90259e-02  1.6836e-02
  199   1.200  3.70488   9.61758e+10  6299.1    2.698  8.80790e-02  1.6760e-02
  200   1.200  3.70787   9.62038e+10  6299.0    2.700  8.71368e-02  1.6683e-02
  201   1.200  3.71084   9.62317e+10  6298.9    2.701  8.61993e-02  1.6603e-02
  202   1.200  3.71379   9.62596e+10  6298.8    2.702  8.52665e-02  1.6523e-02
  203   1.200  3.71672   9.62874e+10  6298.7    2.704  8.43384e-02  1.6441e-02
  204   1.200  3.71963   9.63153e+10  6298.6    2.705  8.34150e-02  1.6356e-02
  205   1.200  3.72252   9.63429e+10  6298.5    2.707  8.24961e-02  1.6271e-02
  206   1.200  3.72539   9.63706e+10  6298.4    2.708  8.15819e-02  1.6183e-02
  207   1.200  3.72824   9.63983e+10  6298.3    2.709  8.06723e-02  1.6094e-02
  208   1.200  3.73107   9.64259e+10  6298.3    2.711  7.97672e-02  1.6003e-02
  209   1.200  3.73388   9.64534e+10  6298.2    2.712  7.88667e-02  1.5910e-02
  210   1.200  3.73667   9.64809e+10  6298.1    2.714  7.79707e-02  1.5815e-02
  211   1.200  3.73944   9.65084e+10  6298.1    2.715  7.70792e-02  1.5718e-02
  212   1.200  3.74220   9.65358e+10  6298.1    2.717  7.61922e-02  1.5620e-02
  213   1.200  3.74493   9.65632e+10  6298.0    2.718  7.53096e-02  1.5520e-02
  214   1.200  3.74765   9.65906e+10  6298.0    2.720  7.44314e-02  1.5417e-02
  215   1.200  3.75035   9.66180e+10  6298.0    2.721  7.35577e-02  1.5313e-02
  216   1.200  3.75303   9.66453e+10  6298.0    2.723  7.26883e-02  1.5207e-02
  217   1.200  3.75569   9.66726e+10  6298.0    2.724  7.18233e-02  1.5099e-02
  218   1.200  3.75834   9.67000e+10  6298.0    2.726  7.09626e-02  1.4989e-02
  219   1.200  3.76096   9.67272e+10  6298.0    2.727  7.01063e-02  1.4876e-02
  220   1.200  3.76357   9.67545e+10  6298.1    2.729  6.92542e-02  1.4762e-02
  221   1.200  3.76616   9.67818e+10  6298.1    2.731  6.84065e-02  1.4645e-02
  222   1.200  3.76874   9.68091e+10  6298.2    2.732  6.75629e-02  1.4527e-02
  223   1.200  3.77130   9.68364e+10  6298.2    2.734  6.67237e-02  1.4405e-02
  224   1.200  3.77384   9.68637e+10  6298.3    2.735  6.58886e-02  1.4282e-02
  225   1.200  3.77636   9.68909e+10  6298.4    2.737  6.50577e-02  1.4157e-02
  226   1.200  3.77887   9.69183e+10  6298.4    2.739  6.42310e-02  1.4029e-02
  227   1.200  3.78136   9.69456e+10  6298.5    2.741  6.34085e-02  1.3898e-02
  228   1.200  3.78383   9.69730e+10  6298.6    2.742  6.25900e-02  1.3766e-02
  229   1.200  3.78629   9.70004e+10  6298.7    2.744  6.17757e-02  1.3630e-02
  230   1.200  3.78873   9.70278e+10  6298.9    2.746  6.09655e-02  1.3493e-02
  231   1.200  3.79115   9.70552e+10  6299.0    2.748  6.01594e-02  1.3352e-02
  232   1.200  3.79356   9.70827e+10  6299.1    2.749  5.93573e-02  1.3209e-02
  233   1.200  3.79595   9.71102e+10  6299.3    2.751  5.85592e-02  1.3063e-02
  234   1.200  3.79833   9.71378e+10  6299.4    2.753  5.77652e-02  1.2915e-02
  235   1.200  3.80069   9.71654e+10  6299.6    2.755  5.69751e-02  1.2764e-02
  236   1.200  3.80304   9.71932e+10  6299.8    2.757  5.61890e-02  1.2611e-02
  237   1.200  3.80537   9.72209e+10  6299.9    2.759  5.54069e-02  1.2454e-02
  238   1.200  3.80769   9.72487e+10  6300.1    2.761  5.46287e-02  1.2294e-02
  239   1.200  3.80999   9.72766e+10  6300.4    2.762  5.38544e-02  1.2131e-02
  240   1.200  3.81227   9.73046e+10  6300.6    2.764  5.30840e-02  1.1965e-02
  241   1.200  3.81455   9.73327e+10  6300.8    2.766  5.23175e-02  1.1796e-02
  242   1.200  3.81680   9.73608e+10  6301.0    2.768  5.15549e-02  1.1624e-02
  243   1.200  3.81905   9.73891e+10  6301.3    2.770  5.07961e-02  1.1449e-02
  244   1.200  3.82128   9.74175e+10  6301.5    2.773  5.00411e-02  1.1270e-02
  245   1.200  3.82349   9.74460e+10  6301.8    2.775  4.92900e-02  1.1088e-02
  246   1.200  3.82569   9.74746e+10  6302.1    2.777  4.85426e-02  1.0902e-02
  247   1.200  3.82788   9.75033e+10  6302.4    2.779  4.77990e-02  1.0713e-02
  248   1.200  3.83006   9.75321e+10  6302.7    2.781  4.70592e-02  1.0520e-02
  249   1.200  3.83222   9.75611e+10  6303.0    2.783  4.63230e-02  1.0323e-02
  250   1.200  3.83436   9.75902e+10  6303.3    2.786  4.55906e-02  1.0123e-02
  251   1.200  3.83650   9.76195e+10  6303.6    2.788  4.48620e-02  9.9182e-03
  252   1.200  3.83862   9.76489e+10  6304.0    2.790  4.41370e-02  9.7097e-03
  253   1.200  3.84073   9.76785e+10  6304.3    2.792  4.34156e-02  9.4970e-03
  254   1.200  3.84283   9.77083e+10  6304.7    2.795  4.26980e-02  9.2804e-03
  255   1.200  3.84492   9.77382e+10  6305.1    2.797  4.19839e-02  9.0591e-03
  256   1.200  3.84699   9.77684e+10  6305.4    2.800  4.12735e-02  8.8335e-03
  257   1.200  3.84905   9.77987e+10  6305.8    2.802  4.05667e-02  8.6033e-03
  258   1.200  3.85110   9.78292e+10  6306.2    2.804  3.98634e-02  8.3684e-03
  259   1.200  3.85314   9.78600e+10  6306.7    2.807  3.91638e-02  8.1286e-03
  260   1.200  3.85517   9.78910e+10  6307.1    2.809  3.84677e-02  7.8840e-03
  261   1.200  3.85719   9.79222e+10  6307.5    2.812  3.77752e-02  7.6343e-03
  262   1.200  3.85919   9.79536e+10  6308.0    2.815  3.70861e-02  7.3799e-03
  263   1.200  3.86119   9.79853e+10  6308.4    2.817  3.64006e-02  7.1198e-03
  264   1.200  3.86318   9.80172e+10  6308.9    2.820  3.57186e-02  6.8546e-03
  265   1.200  3.86515   9.80493e+10  6309.4    2.823  3.50401e-02  6.5843e-03
  266   1.200  3.86712   9.80817e+10  6309.9    2.825  3.43651e-02  6.3085e-03
  267   1.200  3.86908   9.81144e+10  6310.4    2.828  3.36935e-02  6.0270e-03
  268   1.200  3.87103   9.81474e+10  6310.9    2.831  3.30254e-02  5.7401e-03
  269   1.200  3.87297   9.81805e+10  6311.4    2.834  3.23607e-02  5.4478e-03
  270   1.200  3.87490   9.82140e+10  6311.9    2.837  3.16994e-02  5.1500e-03
  271   1.200  3.87682   9.82477e+10  6312.4    2.840  3.10416e-02  4.8469e-03
  272   1.200  3.87874   9.82817e+10  6312.9    2.842  3.03871e-02  4.5385e-03
  273   1.200  3.88064   9.83159e+10  6313.5    2.845  2.97360e-02  4.2252e-03
  274   1.200  3.88255   9.83503e+10  6314.0    2.848  2.90883e-02  3.9073e-03
  275   1.200  3.88444   9.83849e+10  6314.5    2.851  2.84440e-02  3.5852e-03
  276   1.200  3.88633   9.84197e+10  6315.1    2.854  2.78029e-02  3.2593e-03
  277   1.200  3.88821   9.84546e+10  6315.6    2.857  2.71653e-02  2.9310e-03
  278   1.200  3.89009   9.84897e+10  6316.1    2.860  2.65309e-02  2.6008e-03
  279   1.200  3.89196   9.85248e+10  6316.7    2.863  2.58998e-02  2.2704e-03
  280   1.200  3.89383   9.85598e+10  6317.2    2.866  2.52720e-02  1.9419e-03
  281   1.200  3.89569   9.85948e+10  6317.7    2.869  2.46475e-02  1.6174e-03
  282   1.200  3.89755   9.86295e+10  6318.2    2.872  2.40262e-02  1.3003e-03
  283   1.200  3.89941   9.86640e+10  6318.7    2.875  2.34080e-02  9.9491e-04
  284   1.200  3.90126   9.86980e+10  6319.1    2.878  2.27930e-02  7.0694e-04
  285   1.200  3.90311   9.87315e+10  6319.6    2.881  2.21810e-02  4.4423e-04
  286   1.200  3.90495   9.87643e+10  6320.0    2.883  2.15721e-02  2.1835e-04
  287   1.200  3.90680   9.87964e+10  6320.4    2.886  2.09661e-02  4.9874e-05
  288   1.200  3.90864   9.88276e+10  6320.7    2.888  2.03624e-02  0.0000e+00
  289   1.200  3.91121   9.88701e+10  6321.1    2.892  1.95772e-02  0.0000e+00
  290   1.200  3.91482   9.89282e+10  6321.6    2.896  1.85650e-02  0.0000e+00
  291   1.200  3.91987   9.90070e+10  6322.2    2.901  1.72926e-02  0.0000e+00
  292   1.200  3.92693   9.91130e+10  6322.7    2.909  1.57412e-02  0.0000e+00
  293   1.200  3.93683   9.92553e+10  6323.2    2.918  1.39164e-02  0.0000e+00
  294   1.200  3.95068   9.94458e+10  6323.4    2.930  1.18567e-02  0.0000e+00
  295   1.200  3.96948   9.96941e+10  6323.1    2.944  9.69777e-03  0.0000e+00
  296   1.200  3.99084   9.99676e+10  6322.4    2.959  7.84493e-03  0.0000e+00
  297   1.200  4.01159   1.00228e+11  6321.4    2.972  6.46073e-03  0.0000e+00
  298   1.200  4.03178   1.00479e+11  6320.2    2.985  5.38932e-03  0.0000e+00
  299   1.200  4.05149   1.00723e+11  6318.9    2.997  4.53851e-03  0.0000e+00
  300   1.200  4.07075   1.00961e+11  6317.4    3.008  3.84981e-03  0.0000e+00
  301   1.200  4.08963   1.01195e+11  6316.0    3.019  3.28398e-03  0.0000e+00
  302   1.200  4.10815   1.01425e+11  6314.4    3.030  2.81354e-03  0.0000e+00
  303   1.200  4.12636   1.01652e+11  6312.9    3.041  2.41861e-03  0.0000e+00
  304   1.200  4.14430   1.01877e+11  6311.3    3.051  2.08440e-03  0.0000e+00
  305   1.200  4.16199   1.02101e+11  6309.7    3.061  1.80019e-03  0.0000e+00
  306   1.200  4.17947   1.02323e+11  6308.1    3.072  1.55629e-03  0.0000e+00
  307   1.200  4.19678   1.02545e+11  6306.5    3.082  1.34635e-03  0.0000e+00
  308   1.200  4.21393   1.02768e+11  6304.8    3.092  1.16497e-03  0.0000e+00
  309   1.200  4.23095   1.02990e+11  6303.1    3.102  1.00791e-03  0.0000e+00
  310   1.200  4.24782   1.03213e+11  6301.5    3.112  8.71720e-04  0.0000e+00
  311   1.200  4.26457   1.03437e+11  6299.8    3.122  7.53521e-04  0.0000e+00
  312   1.200  4.28119   1.03661e+11  6298.1    3.133  6.50861e-04  0.0000e+00
  313   1.200  4.29768   1.03886e+11  6296.4    3.143  5.61664e-04  0.0000e+00
  314   1.200  4.31406   1.04112e+11  6294.7    3.153  4.84156e-04  0.0000e+00
  315   1.200  4.33033   1.04339e+11  6293.0    3.163  4.16819e-04  0.0000e+00
  316   1.200  4.34648   1.04567e+11  6291.3    3.174  3.58344e-04  0.0000e+00
  317   1.200  4.36253   1.04796e+11  6289.6    3.184  3.07598e-04  0.0000e+00
  318   1.200  4.37848   1.05027e+11  6287.9    3.195  2.63590e-04  0.0000e+00
  319   1.200  4.39432   1.05259e+11  6286.2    3.205  2.25409e-04  0.0000e+00
  320   1.200  4.41006   1.05493e+11  6284.5    3.216  1.92379e-04  0.0000e+00
  321   1.200  4.42569   1.05728e+11  6282.8    3.227  1.63848e-04  0.0000e+00
  322   1.200  4.44124   1.05964e+11  6281.1    3.238  1.39244e-04  0.0000e+00
  323   1.200  4.45668   1.06203e+11  6279.3    3.249  1.18065e-04  0.0000e+00
  324   1.200  4.47202   1.06443e+11  6277.6    3.260  9.98700e-05  0.0000e+00
  325   1.200  4.48727   1.06684e+11  6275.9    3.271  8.42713e-05  0.0000e+00
  326   1.200  4.50242   1.06928e+11  6274.1    3.283  7.09287e-05  0.0000e+00
  327   1.200  4.51747   1.07173e+11  6272.3    3.294  5.95427e-05  0.0000e+00
  328   1.200  4.53242   1.07419e+11  6270.6    3.305  4.98504e-05  0.0000e+00
  329   1.200  4.54727   1.07668e+11  6268.8    3.317  4.16210e-05  0.0000e+00
  330   1.200  4.56202   1.07918e+11  6267.0    3.328  3.46525e-05  0.0000e+00
  331   1.200  4.57666   1.08169e+11  6265.2    3.340  2.87679e-05  0.0000e+00
  332   1.200  4.59121   1.08422e+11  6263.4    3.352  2.38128e-05  0.0000e+00
  333   1.200  4.60565   1.08677e+11  6261.5    3.364  1.96523e-05  0.0000e+00
  334   1.200  4.61999   1.08933e+11  6259.6    3.376  1.61695e-05  0.0000e+00
  335   1.200  4.63422   1.09191e+11  6257.8    3.387  1.32628e-05  0.0000e+00
  336   1.200  4.64835   1.09450e+11  6255.8    3.399  1.08444e-05  0.0000e+00
  337   1.200  4.66237   1.09711e+11  6253.9    3.411  8.83875e-06  0.0000e+00
