# Input file:  csum.01200.Z171479742.X71418029220.a187982123230.o0.27.s
#
# Model M/Msun age (Gyr)    R (cm)   Teff (K)  L/Lsun      Xc           qc
#
    1   1.200  0.00000   7.72445e+10  6282.8    1.723  7.14180e-01  4.6861e-03
    2   1.200  0.00063   7.72449e+10  6282.8    1.723  7.14096e-01  4.7217e-03
    3   1.200  0.02446   7.73190e+10  6283.6    1.727  7.10905e-01  4.3851e-03
    4   1.200  0.05474   7.74185e+10  6284.9    1.733  7.06818e-01  3.9881e-03
    5   1.200  0.08463   7.75170e+10  6286.2    1.738  7.02754e-01  3.6181e-03
    6   1.200  0.11415   7.76149e+10  6287.4    1.744  6.98710e-01  3.2763e-03
    7   1.200  0.14330   7.77122e+10  6288.6    1.750  6.94687e-01  2.9512e-03
    8   1.200  0.17209   7.78089e+10  6289.9    1.756  6.90684e-01  2.6466e-03
    9   1.200  0.20052   7.79049e+10  6291.0    1.761  6.86703e-01  2.3619e-03
   10   1.200  0.22862   7.80005e+10  6292.2    1.767  6.82741e-01  2.0960e-03
   11   1.200  0.25637   7.80954e+10  6293.4    1.773  6.78800e-01  1.8483e-03
   12   1.200  0.28379   7.81898e+10  6294.5    1.778  6.74880e-01  1.6181e-03
   13   1.200  0.31089   7.82836e+10  6295.6    1.784  6.70979e-01  1.4046e-03
   14   1.200  0.33768   7.83769e+10  6296.7    1.789  6.67098e-01  1.2074e-03
   15   1.200  0.36414   7.84696e+10  6297.7    1.795  6.63237e-01  1.0257e-03
   16   1.200  0.39031   7.85618e+10  6298.8    1.800  6.59396e-01  8.5907e-04
   17   1.200  0.41617   7.86534e+10  6299.8    1.805  6.55575e-01  7.0712e-04
   18   1.200  0.44174   7.87446e+10  6300.9    1.811  6.51773e-01  5.6944e-04
   19   1.200  0.46702   7.88352e+10  6301.9    1.816  6.47991e-01  4.4573e-04
   20   1.200  0.49201   7.89253e+10  6302.9    1.821  6.44227e-01  3.3579e-04
   21   1.200  0.51673   7.90149e+10  6303.8    1.827  6.40484e-01  2.3957e-04
   22   1.200  0.54117   7.91040e+10  6304.8    1.832  6.36758e-01  1.5501e-04
   23   1.200  0.56534   7.91925e+10  6305.7    1.837  6.33052e-01  8.7603e-05
   24   1.200  0.58925   7.92807e+10  6306.6    1.842  6.29366e-01  3.5710e-05
   25   1.200  0.61290   7.93683e+10  6307.6    1.847  6.25698e-01  3.3939e-06
   26   1.200  0.63629   7.94554e+10  6308.4    1.852  6.22060e-01  0.0000e+00
   27   1.200  0.66904   7.95780e+10  6309.7    1.860  6.16960e-01  0.0000e+00
   28   1.200  0.71488   7.97516e+10  6311.4    1.870  6.09785e-01  0.0000e+00
   29   1.200  0.77907   7.99978e+10  6313.8    1.884  5.99670e-01  0.0000e+00
   30   1.200  0.86893   8.03486e+10  6317.0    1.905  5.85362e-01  0.0000e+00
   31   1.200  0.97658   8.07788e+10  6320.8    1.930  5.67985e-01  0.0000e+00
   32   1.200  1.08007   8.12028e+10  6324.2    1.954  5.51017e-01  0.0000e+00
   33   1.200  1.17936   8.16196e+10  6327.4    1.978  5.34474e-01  0.0000e+00
   34   1.200  1.27459   8.20290e+10  6330.3    2.002  5.18346e-01  0.0000e+00
   35   1.200  1.36590   8.24306e+10  6333.0    2.025  5.02622e-01  0.0000e+00
   36   1.200  1.45342   8.28242e+10  6335.4    2.047  4.87294e-01  0.0000e+00
   37   1.200  1.53727   8.32095e+10  6337.5    2.069  4.72351e-01  0.0000e+00
   38   1.200  1.61759   8.35864e+10  6339.4    2.091  4.57785e-01  0.0000e+00
   39   1.200  1.69451   8.39546e+10  6341.1    2.111  4.43586e-01  0.0000e+00
   40   1.200  1.76815   8.43140e+10  6342.6    2.131  4.29746e-01  0.0000e+00
   41   1.200  1.83864   8.46646e+10  6343.8    2.151  4.16255e-01  0.0000e+00
   42   1.200  1.90609   8.50061e+10  6344.9    2.170  4.03106e-01  0.0000e+00
   43   1.200  1.97064   8.53386e+10  6345.8    2.188  3.90290e-01  0.0000e+00
   44   1.200  2.03238   8.56620e+10  6346.5    2.206  3.77799e-01  0.0000e+00
   45   1.200  2.09145   8.59764e+10  6347.1    2.223  3.65625e-01  0.0000e+00
   46   1.200  2.14795   8.62816e+10  6347.5    2.239  3.53761e-01  0.0000e+00
   47   1.200  2.20198   8.65780e+10  6347.8    2.255  3.42199e-01  0.0000e+00
   48   1.200  2.25366   8.68654e+10  6348.0    2.270  3.30931e-01  0.0000e+00
   49   1.200  2.30309   8.71440e+10  6348.0    2.285  3.19951e-01  0.0000e+00
   50   1.200  2.35037   8.74139e+10  6348.0    2.299  3.09251e-01  0.0000e+00
   51   1.200  2.39558   8.76753e+10  6347.8    2.312  2.98825e-01  0.0000e+00
   52   1.200  2.43884   8.79282e+10  6347.5    2.325  2.88666e-01  0.0000e+00
   53   1.200  2.48022   8.81729e+10  6347.2    2.338  2.78767e-01  0.0000e+00
   54   1.200  2.51982   8.84096e+10  6346.8    2.350  2.69122e-01  0.0000e+00
   55   1.200  2.55772   8.86384e+10  6346.3    2.361  2.61461e-01  3.6380e-05
   56   1.200  2.56447   8.86798e+10  6346.2    2.363  2.60611e-01  6.7599e-05
   57   1.200  2.57392   8.87373e+10  6346.0    2.366  2.59209e-01  1.0811e-04
   58   1.200  2.58602   8.88113e+10  6345.8    2.370  2.57281e-01  1.6415e-04
   59   1.200  2.59724   8.88801e+10  6345.6    2.373  2.55532e-01  2.2168e-04
   60   1.200  2.60865   8.89502e+10  6345.4    2.377  2.53715e-01  2.8185e-04
   61   1.200  2.61975   8.90186e+10  6345.2    2.380  2.51225e-01  3.1078e-04
   62   1.200  2.62757   8.90670e+10  6345.1    2.382  2.49246e-01  3.1163e-04
   63   1.200  2.63448   8.91097e+10  6345.0    2.384  2.47988e-01  3.5039e-04
   64   1.200  2.64404   8.91690e+10  6344.8    2.387  2.46992e-01  4.3897e-04
   65   1.200  2.65296   8.92246e+10  6344.6    2.390  2.44722e-01  4.3823e-04
   66   1.200  2.65973   8.92668e+10  6344.4    2.392  2.43388e-01  4.8119e-04
   67   1.200  2.66595   8.93057e+10  6344.3    2.394  2.41801e-01  4.7616e-04
   68   1.200  2.67265   8.93475e+10  6344.2    2.396  2.40098e-01  4.9371e-04
   69   1.200  2.67844   8.93838e+10  6344.0    2.398  2.38615e-01  4.9886e-04
   70   1.200  2.68506   8.94253e+10  6343.9    2.400  2.37594e-01  5.5549e-04
   71   1.200  2.69432   8.94835e+10  6343.7    2.403  2.37257e-01  6.9293e-04
   72   1.200  2.70728   8.95653e+10  6343.4    2.406  2.35924e-01  8.4109e-04
   73   1.200  2.72362   8.96686e+10  6342.9    2.411  2.35072e-01  1.1144e-03
   74   1.200  2.74650   8.98140e+10  6342.3    2.418  2.32845e-01  1.4468e-03
   75   1.200  2.76359   8.99234e+10  6341.8    2.423  2.30602e-01  1.6565e-03
   76   1.200  2.77619   9.00042e+10  6341.4    2.427  2.29115e-01  1.8331e-03
   77   1.200  2.79013   9.00940e+10  6341.0    2.431  2.26345e-01  1.9195e-03
   78   1.200  2.79835   9.01470e+10  6340.7    2.434  2.26936e-01  2.2024e-03
   79   1.200  2.80985   9.02215e+10  6340.4    2.437  2.24096e-01  2.2186e-03
   80   1.200  2.81641   9.02640e+10  6340.1    2.439  2.24296e-01  2.4237e-03
   81   1.200  2.81864   9.02789e+10  6340.1    2.440  2.24430e-01  2.5032e-03
   82   1.200  2.82312   9.03077e+10  6339.9    2.441  2.23268e-01  2.4242e-03
   83   1.200  2.82935   9.03482e+10  6339.7    2.443  2.21787e-01  2.5181e-03
   84   1.200  2.83611   9.03923e+10  6339.5    2.445  2.21448e-01  2.6761e-03
   85   1.200  2.84558   9.04541e+10  6339.1    2.448  2.21414e-01  2.9537e-03
   86   1.200  2.85884   9.05411e+10  6338.6    2.452  2.18555e-01  3.0253e-03
   87   1.200  2.86623   9.05895e+10  6338.4    2.454  2.19316e-01  3.3422e-03
   88   1.200  2.87657   9.06577e+10  6337.9    2.457  2.17355e-01  3.4320e-03
   89   1.200  2.88494   9.07129e+10  6337.6    2.460  2.16670e-01  3.6150e-03
   90   1.200  2.89666   9.07905e+10  6337.1    2.463  2.15618e-01  3.8641e-03
   91   1.200  2.91307   9.08993e+10  6336.4    2.468  2.14215e-01  4.2315e-03
   92   1.200  2.93144   9.10216e+10  6335.6    2.473  2.13882e-01  4.8199e-03
   93   1.200  2.95715   9.11941e+10  6334.4    2.481  2.11084e-01  5.3624e-03
   94   1.200  2.97145   9.12903e+10  6333.7    2.485  2.11289e-01  5.9175e-03
   95   1.200  2.99147   9.14257e+10  6332.7    2.491  2.09804e-01  6.4640e-03
   96   1.200  3.01235   9.15681e+10  6331.6    2.497  2.06838e-01  6.8387e-03
   97   1.200  3.02315   9.16417e+10  6331.0    2.500  2.07098e-01  7.3042e-03
   98   1.200  3.03827   9.17455e+10  6330.2    2.504  2.04871e-01  7.5718e-03
   99   1.200  3.04862   9.18170e+10  6329.6    2.507  2.02134e-01  7.3532e-03
  100   1.200  3.05434   9.18573e+10  6329.3    2.509  2.02977e-01  7.9284e-03
  101   1.200  3.06233   9.19112e+10  6328.8    2.511  2.03206e-01  8.2930e-03
  102   1.200  3.07353   9.19889e+10  6328.2    2.514  2.01072e-01  8.4218e-03
  103   1.200  3.07503   9.20014e+10  6328.1    2.515  2.01813e-01  8.6006e-03
  104   1.200  3.07713   9.20163e+10  6328.0    2.516  2.02560e-01  8.8075e-03
  105   1.200  3.08007   9.20341e+10  6327.8    2.516  2.01955e-01  8.8351e-03
  106   1.200  3.08419   9.20625e+10  6327.5    2.517  2.01022e-01  8.8591e-03
  107   1.200  3.08996   9.21036e+10  6327.2    2.519  2.00878e-01  9.0785e-03
  108   1.200  3.09803   9.21597e+10  6326.7    2.521  2.00071e-01  9.2909e-03
  109   1.200  3.10934   9.22386e+10  6326.0    2.524  1.97144e-01  9.3003e-03
  110   1.200  3.11073   9.22505e+10  6325.9    2.525  1.97771e-01  9.4596e-03
  111   1.200  3.11268   9.22628e+10  6325.8    2.525  1.97314e-01  9.4705e-03
  112   1.200  3.11540   9.22826e+10  6325.6    2.526  1.98123e-01  9.7201e-03
  113   1.200  3.11922   9.23083e+10  6325.4    2.527  1.98281e-01  9.9107e-03
  114   1.200  3.12456   9.23451e+10  6325.0    2.529  1.97271e-01  9.9768e-03
  115   1.200  3.13204   9.23983e+10  6324.5    2.531  1.96491e-01  1.0175e-02
  116   1.200  3.14252   9.24717e+10  6323.8    2.534  1.95783e-01  1.0517e-02
  117   1.200  3.15718   9.25756e+10  6322.8    2.538  1.94458e-01  1.0948e-02
  118   1.200  3.17348   9.26915e+10  6321.6    2.542  1.92307e-01  1.1318e-02
  119   1.200  3.18455   9.27712e+10  6320.8    2.545  1.89664e-01  1.1369e-02
  120   1.200  3.19062   9.28149e+10  6320.4    2.547  1.88041e-01  1.1029e-02
  121   1.200  3.19601   9.28537e+10  6320.0    2.549  1.86794e-01  1.1399e-02
  122   1.200  3.20220   9.28992e+10  6319.6    2.550  1.88565e-01  1.1981e-02
  123   1.200  3.20725   9.29332e+10  6319.2    2.552  1.87216e-01  1.1605e-02
  124   1.200  3.21263   9.29725e+10  6318.8    2.553  1.85767e-01  1.1616e-02
  125   1.200  3.21793   9.30114e+10  6318.4    2.555  1.84336e-01  1.1633e-02
  126   1.200  3.22218   9.30446e+10  6318.2    2.556  1.86986e-01  1.2624e-02
  127   1.200  3.22448   9.30612e+10  6318.0    2.557  1.88727e-01  1.3041e-02
  128   1.200  3.22638   9.30699e+10  6317.8    2.557  1.88222e-01  1.2574e-02
  129   1.200  3.22905   9.30884e+10  6317.5    2.557  1.87507e-01  1.2577e-02
  130   1.200  3.23279   9.31170e+10  6317.2    2.558  1.86505e-01  1.2585e-02
  131   1.200  3.23802   9.31564e+10  6316.8    2.560  1.85787e-01  1.3155e-02
  132   1.200  3.24534   9.32098e+10  6316.2    2.562  1.85383e-01  1.3431e-02
  133   1.200  3.25560   9.32840e+10  6315.4    2.565  1.84037e-01  1.3678e-02
  134   1.200  3.26642   9.33633e+10  6314.5    2.568  1.82983e-01  1.4005e-02
  135   1.200  3.27905   9.34553e+10  6313.4    2.571  1.81818e-01  1.4403e-02
  136   1.200  3.29433   9.35680e+10  6312.1    2.575  1.79907e-01  1.4799e-02
  137   1.200  3.30552   9.36513e+10  6311.2    2.578  1.78631e-01  1.5111e-02
  138   1.200  3.31774   9.37417e+10  6310.1    2.581  1.77131e-01  1.5436e-02
  139   1.200  3.32903   9.38261e+10  6309.1    2.584  1.75755e-01  1.5738e-02
  140   1.200  3.34035   9.39107e+10  6308.1    2.587  1.74404e-01  1.6052e-02
  141   1.200  3.35184   9.39969e+10  6307.1    2.590  1.72939e-01  1.6353e-02
  142   1.200  3.36254   9.40774e+10  6306.1    2.593  1.71550e-01  1.6629e-02
  143   1.200  3.37300   9.41565e+10  6305.1    2.596  1.70127e-01  1.6888e-02
  144   1.200  3.38293   9.42319e+10  6304.1    2.599  1.68761e-01  1.7133e-02
  145   1.200  3.39270   9.43063e+10  6303.2    2.601  1.67485e-01  1.7388e-02
  146   1.200  3.40294   9.43844e+10  6302.2    2.604  1.65896e-01  1.7612e-02
  147   1.200  3.41151   9.44501e+10  6301.4    2.606  1.64753e-01  1.7831e-02
  148   1.200  3.41857   9.45042e+10  6300.7    2.608  1.62819e-01  1.7203e-02
  149   1.200  3.42336   9.45415e+10  6300.2    2.609  1.61491e-01  1.7207e-02
  150   1.200  3.42808   9.45783e+10  6299.8    2.610  1.60422e-01  1.7865e-02
  151   1.200  3.42839   9.45807e+10  6299.8    2.610  1.60337e-01  1.7227e-02
  152   1.200  3.42901   9.45882e+10  6299.7    2.611  1.60789e-01  1.7979e-02
  153   1.200  3.42988   9.45970e+10  6299.7    2.611  1.61241e-01  1.8111e-02
  154   1.200  3.43109   9.46057e+10  6299.6    2.612  1.61781e-01  1.8274e-02
  155   1.200  3.43280   9.46160e+10  6299.4    2.612  1.62433e-01  1.8482e-02
  156   1.200  3.43519   9.46295e+10  6299.0    2.612  1.61781e-01  1.7802e-02
  157   1.200  3.43853   9.46563e+10  6298.7    2.613  1.60856e-01  1.7800e-02
  158   1.200  3.44320   9.46943e+10  6298.2    2.614  1.59558e-01  1.7806e-02
  159   1.200  3.44788   9.47314e+10  6297.8    2.615  1.58728e-01  1.8556e-02
  160   1.200  3.45443   9.47823e+10  6297.1    2.617  1.56919e-01  1.7893e-02
  161   1.200  3.45907   9.48189e+10  6296.6    2.618  1.55620e-01  1.7893e-02
  162   1.200  3.46365   9.48550e+10  6296.2    2.620  1.54339e-01  1.7894e-02
  163   1.200  3.46819   9.48908e+10  6295.8    2.621  1.53065e-01  1.7891e-02
  164   1.200  3.47270   9.49265e+10  6295.3    2.622  1.51796e-01  1.7883e-02
  165   1.200  3.47718   9.49619e+10  6294.9    2.623  1.51826e-01  1.8767e-02
  166   1.200  3.48613   9.50311e+10  6293.9    2.626  1.50697e-01  1.9013e-02
  167   1.200  3.49607   9.51102e+10  6292.9    2.628  1.47903e-01  1.8326e-02
  168   1.200  3.50048   9.51458e+10  6292.5    2.630  1.46878e-01  1.9044e-02
  169   1.200  3.50579   9.51882e+10  6291.9    2.631  1.45385e-01  1.8355e-02
  170   1.200  3.51015   9.52232e+10  6291.5    2.632  1.44573e-01  1.9114e-02
  171   1.200  3.51626   9.52720e+10  6290.9    2.634  1.42848e-01  1.8412e-02
  172   1.200  3.52056   9.53069e+10  6290.4    2.635  1.41620e-01  1.8405e-02
  173   1.200  3.52479   9.53413e+10  6290.0    2.636  1.40409e-01  1.8393e-02
  174   1.200  3.52899   9.53754e+10  6289.6    2.638  1.39205e-01  1.8381e-02
  175   1.200  3.53316   9.54093e+10  6289.2    2.639  1.38006e-01  1.8368e-02
  176   1.200  3.53730   9.54431e+10  6288.8    2.640  1.36813e-01  1.8353e-02
  177   1.200  3.54141   9.54767e+10  6288.4    2.641  1.35627e-01  1.8337e-02
  178   1.200  3.54549   9.55102e+10  6288.0    2.642  1.34446e-01  1.8320e-02
  179   1.200  3.54955   9.55435e+10  6287.6    2.643  1.33272e-01  1.8301e-02
  180   1.200  3.55357   9.55766e+10  6287.3    2.645  1.32103e-01  1.8283e-02
  181   1.200  3.55757   9.56096e+10  6286.9    2.646  1.30940e-01  1.8263e-02
  182   1.200  3.56154   9.56425e+10  6286.5    2.647  1.29783e-01  1.8241e-02
  183   1.200  3.56548   9.56752e+10  6286.1    2.648  1.28631e-01  1.8218e-02
  184   1.200  3.56939   9.57078e+10  6285.8    2.649  1.27486e-01  1.8193e-02
  185   1.200  3.57328   9.57402e+10  6285.4    2.651  1.26346e-01  1.8168e-02
  186   1.200  3.57714   9.57725e+10  6285.1    2.652  1.25212e-01  1.8142e-02
  187   1.200  3.58097   9.58047e+10  6284.7    2.653  1.24084e-01  1.8114e-02
  188   1.200  3.58478   9.58367e+10  6284.4    2.654  1.22961e-01  1.8084e-02
  189   1.200  3.58856   9.58686e+10  6284.1    2.655  1.21844e-01  1.8054e-02
  190   1.200  3.59231   9.59003e+10  6283.7    2.657  1.20732e-01  1.8023e-02
  191   1.200  3.59603   9.59319e+10  6283.4    2.658  1.19626e-01  1.7989e-02
  192   1.200  3.59973   9.59634e+10  6283.1    2.659  1.18526e-01  1.7955e-02
  193   1.200  3.60341   9.59947e+10  6282.8    2.660  1.17431e-01  1.7919e-02
  194   1.200  3.60706   9.60259e+10  6282.4    2.661  1.16342e-01  1.7883e-02
  195   1.200  3.61068   9.60570e+10  6282.1    2.663  1.15258e-01  1.7845e-02
  196   1.200  3.61428   9.60880e+10  6281.8    2.664  1.14179e-01  1.7805e-02
  197   1.200  3.61785   9.61189e+10  6281.5    2.665  1.13106e-01  1.7764e-02
  198   1.200  3.62140   9.61496e+10  6281.2    2.666  1.12038e-01  1.7723e-02
  199   1.200  3.62492   9.61802e+10  6281.0    2.667  1.10976e-01  1.7680e-02
  200   1.200  3.62842   9.62107e+10  6280.7    2.669  1.09919e-01  1.7635e-02
  201   1.200  3.63190   9.62410e+10  6280.4    2.670  1.08867e-01  1.7589e-02
  202   1.200  3.63535   9.62713e+10  6280.1    2.671  1.07821e-01  1.7542e-02
  203   1.200  3.63877   9.63015e+10  6279.9    2.672  1.06780e-01  1.7493e-02
  204   1.200  3.64218   9.63315e+10  6279.6    2.674  1.05744e-01  1.7443e-02
  205   1.200  3.64556   9.63614e+10  6279.4    2.675  1.04713e-01  1.7392e-02
  206   1.200  3.64891   9.63913e+10  6279.1    2.676  1.03687e-01  1.7339e-02
  207   1.200  3.65225   9.64210e+10  6278.9    2.677  1.02667e-01  1.7285e-02
  208   1.200  3.65556   9.64506e+10  6278.7    2.679  1.01652e-01  1.7229e-02
  209   1.200  3.65884   9.64801e+10  6278.4    2.680  1.00641e-01  1.7172e-02
  210   1.200  3.66211   9.65096e+10  6278.2    2.681  9.96360e-02  1.7114e-02
  211   1.200  3.66535   9.65389e+10  6278.0    2.682  9.86359e-02  1.7054e-02
  212   1.200  3.66857   9.65681e+10  6277.8    2.684  9.76407e-02  1.6993e-02
  213   1.200  3.67176   9.65972e+10  6277.6    2.685  9.66506e-02  1.6930e-02
  214   1.200  3.67494   9.66262e+10  6277.4    2.686  9.56654e-02  1.6866e-02
  215   1.200  3.67809   9.66552e+10  6277.2    2.687  9.46852e-02  1.6800e-02
  216   1.200  3.68122   9.66841e+10  6277.1    2.689  9.37098e-02  1.6733e-02
  217   1.200  3.68433   9.67128e+10  6276.9    2.690  9.27394e-02  1.6664e-02
  218   1.200  3.68742   9.67415e+10  6276.7    2.691  9.17738e-02  1.6594e-02
  219   1.200  3.69049   9.67701e+10  6276.6    2.693  9.08131e-02  1.6522e-02
  220   1.200  3.69354   9.67986e+10  6276.4    2.694  8.98572e-02  1.6448e-02
  221   1.200  3.69656   9.68271e+10  6276.3    2.695  8.89060e-02  1.6373e-02
  222   1.200  3.69957   9.68555e+10  6276.1    2.697  8.79597e-02  1.6297e-02
  223   1.200  3.70255   9.68838e+10  6276.0    2.698  8.70181e-02  1.6219e-02
  224   1.200  3.70551   9.69120e+10  6275.9    2.700  8.60812e-02  1.6139e-02
  225   1.200  3.70846   9.69402e+10  6275.8    2.701  8.51490e-02  1.6057e-02
  226   1.200  3.71138   9.69683e+10  6275.7    2.702  8.42215e-02  1.5974e-02
  227   1.200  3.71428   9.69963e+10  6275.6    2.704  8.32986e-02  1.5889e-02
  228   1.200  3.71717   9.70243e+10  6275.5    2.705  8.23804e-02  1.5802e-02
  229   1.200  3.72003   9.70522e+10  6275.4    2.706  8.14668e-02  1.5714e-02
  230   1.200  3.72288   9.70801e+10  6275.3    2.708  8.05577e-02  1.5624e-02
  231   1.200  3.72570   9.71079e+10  6275.3    2.709  7.96532e-02  1.5532e-02
  232   1.200  3.72851   9.71357e+10  6275.2    2.711  7.87533e-02  1.5438e-02
  233   1.200  3.73129   9.71634e+10  6275.2    2.712  7.78579e-02  1.5342e-02
  234   1.200  3.73406   9.71911e+10  6275.1    2.714  7.69669e-02  1.5245e-02
  235   1.200  3.73681   9.72187e+10  6275.1    2.715  7.60805e-02  1.5145e-02
  236   1.200  3.73954   9.72463e+10  6275.1    2.717  7.51984e-02  1.5044e-02
  237   1.200  3.74225   9.72739e+10  6275.0    2.718  7.43208e-02  1.4941e-02
  238   1.200  3.74495   9.73014e+10  6275.0    2.720  7.34476e-02  1.4836e-02
  239   1.200  3.74762   9.73289e+10  6275.0    2.721  7.25788e-02  1.4729e-02
  240   1.200  3.75028   9.73563e+10  6275.0    2.723  7.17144e-02  1.4619e-02
  241   1.200  3.75292   9.73838e+10  6275.1    2.724  7.08543e-02  1.4508e-02
  242   1.200  3.75554   9.74112e+10  6275.1    2.726  6.99985e-02  1.4395e-02
  243   1.200  3.75815   9.74386e+10  6275.1    2.728  6.91470e-02  1.4279e-02
  244   1.200  3.76073   9.74660e+10  6275.1    2.729  6.82997e-02  1.4162e-02
  245   1.200  3.76330   9.74934e+10  6275.2    2.731  6.74568e-02  1.4042e-02
  246   1.200  3.76585   9.75208e+10  6275.3    2.732  6.66180e-02  1.3920e-02
  247   1.200  3.76839   9.75482e+10  6275.3    2.734  6.57835e-02  1.3795e-02
  248   1.200  3.77091   9.75755e+10  6275.4    2.736  6.49532e-02  1.3669e-02
  249   1.200  3.77341   9.76029e+10  6275.5    2.737  6.41270e-02  1.3540e-02
  250   1.200  3.77590   9.76303e+10  6275.6    2.739  6.33050e-02  1.3408e-02
  251   1.200  3.77836   9.76577e+10  6275.7    2.741  6.24871e-02  1.3274e-02
  252   1.200  3.78082   9.76851e+10  6275.8    2.743  6.16733e-02  1.3138e-02
  253   1.200  3.78325   9.77126e+10  6275.9    2.744  6.08636e-02  1.2999e-02
  254   1.200  3.78567   9.77400e+10  6276.1    2.746  6.00580e-02  1.2858e-02
  255   1.200  3.78808   9.77675e+10  6276.2    2.748  5.92564e-02  1.2714e-02
  256   1.200  3.79047   9.77951e+10  6276.4    2.750  5.84589e-02  1.2567e-02
  257   1.200  3.79284   9.78226e+10  6276.5    2.752  5.76654e-02  1.2418e-02
  258   1.200  3.79520   9.78502e+10  6276.7    2.753  5.68758e-02  1.2266e-02
  259   1.200  3.79754   9.78779e+10  6276.9    2.755  5.60902e-02  1.2110e-02
  260   1.200  3.79987   9.79057e+10  6277.1    2.757  5.53086e-02  1.1952e-02
  261   1.200  3.80218   9.79334e+10  6277.3    2.759  5.45310e-02  1.1791e-02
  262   1.200  3.80448   9.79612e+10  6277.5    2.761  5.37572e-02  1.1628e-02
  263   1.200  3.80676   9.79891e+10  6277.7    2.763  5.29873e-02  1.1460e-02
  264   1.200  3.80903   9.80171e+10  6277.9    2.765  5.22213e-02  1.1291e-02
  265   1.200  3.81128   9.80452e+10  6278.2    2.767  5.14592e-02  1.1117e-02
  266   1.200  3.81352   9.80734e+10  6278.4    2.769  5.07009e-02  1.0941e-02
  267   1.200  3.81575   9.81016e+10  6278.7    2.771  4.99464e-02  1.0761e-02
  268   1.200  3.81796   9.81299e+10  6279.0    2.773  4.91958e-02  1.0577e-02
  269   1.200  3.82016   9.81584e+10  6279.3    2.775  4.84489e-02  1.0390e-02
  270   1.200  3.82235   9.81869e+10  6279.6    2.777  4.77058e-02  1.0200e-02
  271   1.200  3.82452   9.82156e+10  6279.9    2.780  4.69664e-02  1.0006e-02
  272   1.200  3.82668   9.82444e+10  6280.2    2.782  4.62308e-02  9.8078e-03
  273   1.200  3.82882   9.82733e+10  6280.5    2.784  4.54989e-02  9.6061e-03
  274   1.200  3.83096   9.83024e+10  6280.9    2.786  4.47708e-02  9.4005e-03
  275   1.200  3.83308   9.83316e+10  6281.2    2.789  4.40462e-02  9.1909e-03
  276   1.200  3.83518   9.83609e+10  6281.6    2.791  4.33254e-02  8.9772e-03
  277   1.200  3.83728   9.83904e+10  6281.9    2.793  4.26082e-02  8.7593e-03
  278   1.200  3.83936   9.84201e+10  6282.3    2.796  4.18947e-02  8.5369e-03
  279   1.200  3.84144   9.84500e+10  6282.7    2.798  4.11847e-02  8.3103e-03
  280   1.200  3.84350   9.84800e+10  6283.1    2.800  4.04784e-02  8.0793e-03
  281   1.200  3.84555   9.85102e+10  6283.5    2.803  3.97757e-02  7.8434e-03
  282   1.200  3.84758   9.85407e+10  6283.9    2.805  3.90765e-02  7.6029e-03
  283   1.200  3.84961   9.85712e+10  6284.4    2.808  3.83809e-02  7.3573e-03
  284   1.200  3.85163   9.86021e+10  6284.8    2.810  3.76889e-02  7.1072e-03
  285   1.200  3.85363   9.86331e+10  6285.3    2.813  3.70003e-02  6.8521e-03
  286   1.200  3.85563   9.86643e+10  6285.7    2.816  3.63153e-02  6.5917e-03
  287   1.200  3.85761   9.86958e+10  6286.2    2.818  3.56338e-02  6.3266e-03
  288   1.200  3.85959   9.87275e+10  6286.7    2.821  3.49558e-02  6.0562e-03
  289   1.200  3.86156   9.87594e+10  6287.2    2.824  3.42812e-02  5.7803e-03
  290   1.200  3.86351   9.87916e+10  6287.7    2.826  3.36101e-02  5.4997e-03
  291   1.200  3.86546   9.88239e+10  6288.2    2.829  3.29425e-02  5.2138e-03
  292   1.200  3.86740   9.88566e+10  6288.7    2.832  3.22783e-02  4.9228e-03
  293   1.200  3.86934   9.88894e+10  6289.2    2.835  3.16175e-02  4.6267e-03
  294   1.200  3.87126   9.89225e+10  6289.7    2.838  3.09601e-02  4.3260e-03
  295   1.200  3.87318   9.89557e+10  6290.3    2.840  3.03061e-02  4.0209e-03
  296   1.200  3.87509   9.89892e+10  6290.8    2.843  2.96555e-02  3.7114e-03
  297   1.200  3.87699   9.90228e+10  6291.3    2.846  2.90083e-02  3.3984e-03
  298   1.200  3.87888   9.90565e+10  6291.9    2.849  2.83644e-02  3.0823e-03
  299   1.200  3.88077   9.90904e+10  6292.4    2.852  2.77238e-02  2.7643e-03
  300   1.200  3.88266   9.91244e+10  6292.9    2.855  2.70866e-02  2.4452e-03
  301   1.200  3.88454   9.91583e+10  6293.4    2.858  2.64526e-02  2.1265e-03
  302   1.200  3.88641   9.91922e+10  6293.9    2.861  2.58220e-02  1.8103e-03
  303   1.200  3.88828   9.92260e+10  6294.4    2.864  2.51946e-02  1.4991e-03
  304   1.200  3.89015   9.92597e+10  6294.9    2.866  2.45704e-02  1.1960e-03
  305   1.200  3.89201   9.92930e+10  6295.4    2.869  2.39494e-02  9.0540e-04
  306   1.200  3.89387   9.93259e+10  6295.9    2.872  2.33315e-02  6.3296e-04
  307   1.200  3.89572   9.93582e+10  6296.3    2.875  2.27167e-02  3.8656e-04
  308   1.200  3.89757   9.93900e+10  6296.7    2.877  2.21049e-02  1.7808e-04
  309   1.200  3.89942   9.94210e+10  6297.0    2.880  2.14961e-02  2.9411e-05
  310   1.200  3.90126   9.94514e+10  6297.4    2.882  2.08896e-02  0.0000e+00
  311   1.200  3.90384   9.94928e+10  6297.8    2.885  2.01050e-02  0.0000e+00
  312   1.200  3.90745   9.95498e+10  6298.3    2.889  1.90902e-02  0.0000e+00
  313   1.200  3.91251   9.96272e+10  6298.8    2.895  1.78097e-02  0.0000e+00
  314   1.200  3.91959   9.97319e+10  6299.4    2.902  1.62418e-02  0.0000e+00
  315   1.200  3.92950   9.98730e+10  6299.9    2.911  1.43889e-02  0.0000e+00
  316   1.200  3.94337   1.00063e+11  6300.1    2.922  1.22872e-02  0.0000e+00
  317   1.200  3.96190   1.00308e+11  6299.9    2.936  1.01055e-02  0.0000e+00
  318   1.200  3.98327   1.00582e+11  6299.1    2.951  8.19226e-03  0.0000e+00
  319   1.200  4.00404   1.00844e+11  6298.1    2.965  6.75754e-03  0.0000e+00
  320   1.200  4.02427   1.01098e+11  6296.9    2.977  5.64398e-03  0.0000e+00
  321   1.200  4.04402   1.01344e+11  6295.6    2.989  4.75785e-03  0.0000e+00
  322   1.200  4.06333   1.01585e+11  6294.1    3.001  4.03936e-03  0.0000e+00
  323   1.200  4.08227   1.01821e+11  6292.6    3.012  3.44821e-03  0.0000e+00
  324   1.200  4.10086   1.02055e+11  6291.1    3.023  2.95612e-03  0.0000e+00
  325   1.200  4.11914   1.02285e+11  6289.5    3.033  2.54256e-03  0.0000e+00
  326   1.200  4.13715   1.02514e+11  6287.9    3.044  2.19225e-03  0.0000e+00
  327   1.200  4.15493   1.02741e+11  6286.3    3.054  1.89408e-03  0.0000e+00
  328   1.200  4.17250   1.02967e+11  6284.6    3.064  1.63801e-03  0.0000e+00
  329   1.200  4.18990   1.03193e+11  6282.9    3.075  1.41752e-03  0.0000e+00
  330   1.200  4.20713   1.03419e+11  6281.2    3.085  1.22708e-03  0.0000e+00
  331   1.200  4.22422   1.03645e+11  6279.6    3.095  1.06214e-03  0.0000e+00
  332   1.200  4.24117   1.03872e+11  6277.9    3.105  9.19054e-04  0.0000e+00
