# Input file:  csum.01200.Z171479742.X71418029220.a187982123230.o0.27.s
#
# Model M/Msun age (Gyr)    R (cm)   Teff (K)  L/Lsun      Xc           qc
#
    1   1.200  0.00000   7.72390e+10  6283.7    1.723  7.14180e-01  4.7303e-03
    2   1.200  0.00063   7.72394e+10  6283.6    1.723  7.14096e-01  4.7659e-03
    3   1.200  0.02447   7.73135e+10  6284.5    1.727  7.10904e-01  4.4281e-03
    4   1.200  0.05475   7.74130e+10  6285.8    1.733  7.06818e-01  4.0328e-03
    5   1.200  0.08464   7.75116e+10  6287.0    1.739  7.02753e-01  3.6635e-03
    6   1.200  0.11415   7.76095e+10  6288.3    1.745  6.98709e-01  3.3207e-03
    7   1.200  0.14330   7.77068e+10  6289.5    1.751  6.94686e-01  2.9954e-03
    8   1.200  0.17209   7.78035e+10  6290.7    1.756  6.90684e-01  2.6906e-03
    9   1.200  0.20053   7.78997e+10  6291.9    1.762  6.86702e-01  2.4054e-03
   10   1.200  0.22862   7.79952e+10  6293.0    1.768  6.82741e-01  2.1391e-03
   11   1.200  0.25638   7.80902e+10  6294.2    1.773  6.78800e-01  1.8908e-03
   12   1.200  0.28380   7.81846e+10  6295.3    1.779  6.74879e-01  1.6598e-03
   13   1.200  0.31091   7.82785e+10  6296.4    1.784  6.70978e-01  1.4455e-03
   14   1.200  0.33769   7.83718e+10  6297.5    1.790  6.67098e-01  1.2472e-03
   15   1.200  0.36416   7.84645e+10  6298.6    1.795  6.63237e-01  1.0643e-03
   16   1.200  0.39033   7.85568e+10  6299.6    1.801  6.59396e-01  8.9637e-04
   17   1.200  0.41619   7.86485e+10  6300.6    1.806  6.55575e-01  7.4292e-04
   18   1.200  0.44176   7.87397e+10  6301.7    1.811  6.51773e-01  6.0354e-04
   19   1.200  0.46705   7.88303e+10  6302.7    1.817  6.47990e-01  4.7790e-04
   20   1.200  0.49204   7.89204e+10  6303.7    1.822  6.44227e-01  3.6572e-04
   21   1.200  0.51676   7.90101e+10  6304.6    1.827  6.40483e-01  2.6705e-04
   22   1.200  0.54121   7.90992e+10  6305.6    1.833  6.36758e-01  1.7943e-04
   23   1.200  0.56538   7.91878e+10  6306.5    1.838  6.33052e-01  1.0831e-04
   24   1.200  0.58929   7.92760e+10  6307.4    1.843  6.29365e-01  5.1904e-05
   25   1.200  0.61294   7.93636e+10  6308.4    1.848  6.25697e-01  1.2490e-05
   26   1.200  0.63634   7.94508e+10  6309.2    1.853  6.22058e-01  0.0000e+00
   27   1.200  0.66909   7.95734e+10  6310.5    1.860  6.16952e-01  0.0000e+00
   28   1.200  0.71494   7.97471e+10  6312.2    1.871  6.09770e-01  0.0000e+00
   29   1.200  0.77914   7.99934e+10  6314.6    1.885  5.99643e-01  0.0000e+00
   30   1.200  0.86901   8.03444e+10  6317.8    1.905  5.85319e-01  0.0000e+00
   31   1.200  0.97654   8.07742e+10  6321.6    1.930  5.67941e-01  0.0000e+00
   32   1.200  1.07991   8.11979e+10  6325.0    1.955  5.50974e-01  0.0000e+00
   33   1.200  1.17908   8.16143e+10  6328.2    1.979  5.34431e-01  0.0000e+00
   34   1.200  1.27419   8.20232e+10  6331.1    2.003  5.18302e-01  0.0000e+00
   35   1.200  1.36537   8.24244e+10  6333.7    2.026  5.02579e-01  0.0000e+00
   36   1.200  1.45276   8.28175e+10  6336.1    2.048  4.87251e-01  0.0000e+00
   37   1.200  1.53649   8.32024e+10  6338.2    2.070  4.72309e-01  0.0000e+00
   38   1.200  1.61669   8.35787e+10  6340.1    2.091  4.57742e-01  0.0000e+00
   39   1.200  1.69348   8.39463e+10  6341.8    2.112  4.43544e-01  0.0000e+00
   40   1.200  1.76700   8.43052e+10  6343.2    2.132  4.29704e-01  0.0000e+00
   41   1.200  1.83736   8.46551e+10  6344.5    2.151  4.16213e-01  0.0000e+00
   42   1.200  1.90470   8.49960e+10  6345.6    2.170  4.03064e-01  0.0000e+00
   43   1.200  1.96912   8.53278e+10  6346.4    2.188  3.90248e-01  0.0000e+00
   44   1.200  2.03074   8.56506e+10  6347.2    2.206  3.77757e-01  0.0000e+00
   45   1.200  2.08969   8.59642e+10  6347.7    2.223  3.65584e-01  0.0000e+00
   46   1.200  2.14606   8.62688e+10  6348.1    2.239  3.53720e-01  0.0000e+00
   47   1.200  2.19998   8.65644e+10  6348.4    2.255  3.42158e-01  0.0000e+00
   48   1.200  2.25155   8.68511e+10  6348.6    2.270  3.30890e-01  0.0000e+00
   49   1.200  2.30086   8.71290e+10  6348.6    2.285  3.19911e-01  0.0000e+00
   50   1.200  2.34802   8.73981e+10  6348.5    2.299  3.09211e-01  0.0000e+00
   51   1.200  2.39313   8.76587e+10  6348.4    2.312  2.98786e-01  0.0000e+00
   52   1.200  2.43628   8.79109e+10  6348.1    2.325  2.88627e-01  0.0000e+00
   53   1.200  2.47756   8.81549e+10  6347.7    2.338  2.78729e-01  0.0000e+00
   54   1.200  2.51706   8.83909e+10  6347.3    2.350  2.69527e-01  4.9216e-06
   55   1.200  2.52449   8.84358e+10  6347.2    2.352  2.68918e-01  3.7520e-05
   56   1.200  2.53488   8.84985e+10  6347.1    2.355  2.67271e-01  7.1273e-05
   57   1.200  2.54646   8.85685e+10  6346.9    2.358  2.65265e-01  1.0888e-04
   58   1.200  2.55701   8.86325e+10  6346.8    2.362  2.63377e-01  1.4709e-04
   59   1.200  2.56716   8.86942e+10  6346.6    2.365  2.61673e-01  1.8931e-04
   60   1.200  2.57793   8.87600e+10  6346.4    2.368  2.59547e-01  2.2621e-04
   61   1.200  2.58705   8.88157e+10  6346.3    2.371  2.58046e-01  2.6964e-04
   62   1.200  2.59791   8.88823e+10  6346.1    2.374  2.56441e-01  3.3746e-04
   63   1.200  2.60999   8.89565e+10  6345.9    2.378  2.54762e-01  4.2565e-04
   64   1.200  2.62274   8.90351e+10  6345.6    2.382  2.52915e-01  5.2068e-04
   65   1.200  2.63492   8.91106e+10  6345.4    2.385  2.51064e-01  6.1109e-04
   66   1.200  2.64647   8.91822e+10  6345.2    2.389  2.49367e-01  7.0510e-04
   67   1.200  2.65837   8.92563e+10  6344.9    2.392  2.47491e-01  7.9614e-04
   68   1.200  2.66938   8.93251e+10  6344.7    2.396  2.46034e-01  9.0751e-04
   69   1.200  2.68246   8.94070e+10  6344.4    2.400  2.44183e-01  1.0349e-03
   70   1.200  2.69463   8.94835e+10  6344.1    2.403  2.42474e-01  1.1591e-03
   71   1.200  2.70682   8.95603e+10  6343.8    2.407  2.40761e-01  1.2886e-03
   72   1.200  2.71895   8.96370e+10  6343.5    2.410  2.38881e-01  1.4041e-03
   73   1.200  2.72987   8.97063e+10  6343.2    2.414  2.37392e-01  1.5313e-03
   74   1.200  2.74226   8.97850e+10  6342.8    2.417  2.35970e-01  1.7060e-03
   75   1.200  2.74750   8.98185e+10  6342.7    2.419  2.34870e-01  1.7307e-03
   76   1.200  2.75485   8.98654e+10  6342.5    2.421  2.33795e-01  1.8135e-03
   77   1.200  2.76514   8.99312e+10  6342.2    2.424  2.33168e-01  2.0244e-03
   78   1.200  2.77954   9.00237e+10  6341.7    2.429  2.30957e-01  2.1867e-03
   79   1.200  2.79032   9.00931e+10  6341.4    2.432  2.30137e-01  2.4025e-03
   80   1.200  2.80541   9.01907e+10  6340.9    2.436  2.27954e-01  2.5964e-03
   81   1.200  2.81009   9.02210e+10  6340.7    2.438  2.26998e-01  2.6248e-03
   82   1.200  2.81665   9.02635e+10  6340.5    2.440  2.27067e-01  2.8280e-03
   83   1.200  2.82582   9.03232e+10  6340.2    2.442  2.25130e-01  2.8794e-03
   84   1.200  2.83352   9.03734e+10  6339.9    2.445  2.23360e-01  2.9053e-03
   85   1.200  2.84055   9.04193e+10  6339.7    2.447  2.22544e-01  3.0230e-03
   86   1.200  2.85040   9.04836e+10  6339.3    2.450  2.22461e-01  3.3205e-03
   87   1.200  2.86418   9.05739e+10  6338.8    2.454  2.22014e-01  3.7075e-03
   88   1.200  2.88348   9.07010e+10  6338.0    2.460  2.20526e-01  4.1595e-03
   89   1.200  2.90426   9.08388e+10  6337.1    2.466  2.16042e-01  4.2849e-03
   90   1.200  2.91159   9.08875e+10  6336.8    2.468  2.15555e-01  4.4669e-03
   91   1.200  2.92185   9.09557e+10  6336.4    2.471  2.16060e-01  4.8930e-03
   92   1.200  2.93621   9.10515e+10  6335.7    2.475  2.15810e-01  5.3743e-03
   93   1.200  2.95631   9.11863e+10  6334.8    2.481  2.14367e-01  5.9159e-03
   94   1.200  2.97821   9.13340e+10  6333.7    2.487  2.12669e-01  6.5065e-03
   95   1.200  2.99836   9.14707e+10  6332.6    2.493  2.11121e-01  7.0667e-03
   96   1.200  3.01862   9.16087e+10  6331.5    2.499  2.09349e-01  7.6107e-03
   97   1.200  3.03630   9.17298e+10  6330.5    2.504  2.07872e-01  8.1031e-03
   98   1.200  3.05473   9.18571e+10  6329.5    2.509  2.04337e-01  8.3101e-03
   99   1.200  3.06267   9.19121e+10  6329.0    2.511  2.04977e-01  8.7412e-03
  100   1.200  3.07378   9.19888e+10  6328.4    2.515  2.02753e-01  8.8516e-03
  101   1.200  3.08134   9.20416e+10  6327.9    2.517  2.00758e-01  8.6026e-03
  102   1.200  3.08705   9.20818e+10  6327.6    2.518  2.00549e-01  9.0548e-03
  103   1.200  3.09503   9.21372e+10  6327.1    2.521  2.00172e-01  9.3351e-03
  104   1.200  3.10620   9.22150e+10  6326.4    2.524  1.97395e-01  9.3632e-03
  105   1.200  3.11218   9.22584e+10  6326.0    2.526  1.99262e-01  9.9254e-03
  106   1.200  3.11698   9.22902e+10  6325.7    2.527  1.98318e-01  9.9804e-03
  107   1.200  3.12369   9.23382e+10  6325.2    2.529  1.98703e-01  1.0341e-02
  108   1.200  3.13309   9.24036e+10  6324.6    2.531  1.98213e-01  1.0674e-02
  109   1.200  3.14625   9.24964e+10  6323.7    2.535  1.97105e-01  1.1076e-02
  110   1.200  3.16392   9.26223e+10  6322.4    2.540  1.93137e-01  1.1198e-02
  111   1.200  3.17044   9.26690e+10  6322.0    2.542  1.91401e-01  1.0875e-02
  112   1.200  3.17490   9.27023e+10  6321.8    2.543  1.92514e-01  1.1584e-02
  113   1.200  3.17539   9.27046e+10  6321.7    2.543  1.98657e-01  1.2686e-02
  114   1.200  3.17551   9.27052e+10  6321.7    2.543  1.98627e-01  1.2124e-02
  115   1.200  3.17574   9.27062e+10  6321.6    2.543  1.98565e-01  1.2130e-02
  116   1.200  3.17621   9.27080e+10  6321.6    2.543  1.98441e-01  1.2133e-02
  117   1.200  3.17716   9.27129e+10  6321.5    2.543  1.98192e-01  1.2136e-02
  118   1.200  3.17848   9.27223e+10  6321.4    2.543  1.97845e-01  1.2128e-02
  119   1.200  3.18033   9.27368e+10  6321.2    2.544  1.97357e-01  1.2134e-02
  120   1.200  3.18291   9.27564e+10  6321.0    2.545  1.96674e-01  1.2144e-02
  121   1.200  3.18654   9.27828e+10  6320.8    2.546  1.95716e-01  1.2160e-02
  122   1.200  3.19161   9.28193e+10  6320.4    2.547  1.94372e-01  1.2181e-02
  123   1.200  3.19717   9.28592e+10  6320.0    2.549  1.92899e-01  1.2217e-02
  124   1.200  3.20269   9.28990e+10  6319.6    2.550  1.91432e-01  1.2243e-02
  125   1.200  3.20817   9.29387e+10  6319.2    2.552  1.89968e-01  1.2252e-02
  126   1.200  3.21361   9.29785e+10  6318.8    2.553  1.89750e-01  1.2882e-02
  127   1.200  3.22122   9.30332e+10  6318.2    2.556  1.89564e-01  1.3208e-02
  128   1.200  3.23187   9.31098e+10  6317.4    2.558  1.88100e-01  1.3451e-02
  129   1.200  3.24235   9.31860e+10  6316.6    2.561  1.86924e-01  1.3739e-02
  130   1.200  3.25515   9.32786e+10  6315.5    2.565  1.85990e-01  1.4183e-02
  131   1.200  3.26867   9.33774e+10  6314.4    2.568  1.84469e-01  1.4559e-02
  132   1.200  3.28131   9.34704e+10  6313.3    2.572  1.83053e-01  1.4913e-02
  133   1.200  3.29323   9.35587e+10  6312.3    2.575  1.81508e-01  1.5213e-02
  134   1.200  3.30408   9.36388e+10  6311.4    2.578  1.80295e-01  1.5522e-02
  135   1.200  3.31542   9.37229e+10  6310.4    2.581  1.78914e-01  1.5825e-02
  136   1.200  3.32686   9.38080e+10  6309.4    2.584  1.77568e-01  1.6143e-02
  137   1.200  3.33867   9.38964e+10  6308.3    2.587  1.76254e-01  1.6486e-02
  138   1.200  3.34838   9.39692e+10  6307.4    2.589  1.75011e-01  1.6742e-02
  139   1.200  3.35912   9.40503e+10  6306.4    2.592  1.72738e-01  1.6858e-02
  140   1.200  3.36557   9.40991e+10  6305.8    2.594  1.70989e-01  1.6297e-02
  141   1.200  3.37057   9.41381e+10  6305.4    2.595  1.71492e-01  1.7201e-02
  142   1.200  3.37756   9.41896e+10  6304.7    2.597  1.71215e-01  1.7502e-02
  143   1.200  3.38736   9.42637e+10  6303.7    2.600  1.69793e-01  1.7729e-02
  144   1.200  3.39424   9.43162e+10  6303.0    2.601  1.67920e-01  1.7108e-02
  145   1.200  3.39670   9.43365e+10  6302.9    2.602  1.68025e-01  1.7872e-02
  146   1.200  3.40163   9.43730e+10  6302.4    2.603  1.67647e-01  1.8049e-02
  147   1.200  3.40846   9.44246e+10  6301.7    2.605  1.66391e-01  1.8159e-02
  148   1.200  3.41458   9.44718e+10  6301.1    2.607  1.65283e-01  1.8261e-02
  149   1.200  3.41890   9.45050e+10  6300.6    2.608  1.64104e-01  1.7622e-02
  150   1.200  3.42195   9.45288e+10  6300.3    2.609  1.63263e-01  1.7617e-02
  151   1.200  3.42622   9.45621e+10  6299.9    2.610  1.62084e-01  1.7636e-02
  152   1.200  3.43096   9.45995e+10  6299.5    2.611  1.62400e-01  1.8551e-02
  153   1.200  3.43760   9.46492e+10  6298.8    2.613  1.62100e-01  1.8831e-02
  154   1.200  3.44214   9.46838e+10  6298.3    2.614  1.61276e-01  1.8907e-02
  155   1.200  3.44512   9.47074e+10  6298.0    2.615  1.60785e-01  1.8971e-02
  156   1.200  3.44929   9.47401e+10  6297.6    2.616  1.59937e-01  1.9028e-02
  157   1.200  3.44956   9.47430e+10  6297.6    2.616  1.60081e-01  1.9071e-02
  158   1.200  3.44993   9.47461e+10  6297.5    2.616  1.59980e-01  1.8369e-02
  159   1.200  3.45066   9.47523e+10  6297.4    2.616  1.59969e-01  1.9106e-02
  160   1.200  3.45214   9.47633e+10  6297.3    2.616  1.59854e-01  1.9160e-02
  161   1.200  3.45509   9.47847e+10  6297.0    2.617  1.59044e-01  1.8461e-02
  162   1.200  3.45921   9.48173e+10  6296.5    2.618  1.57897e-01  1.8469e-02
  163   1.200  3.46385   9.48542e+10  6296.1    2.620  1.56605e-01  1.8474e-02
  164   1.200  3.46846   9.48906e+10  6295.6    2.621  1.55319e-01  1.8478e-02
  165   1.200  3.47303   9.49269e+10  6295.2    2.622  1.55248e-01  1.9365e-02
  166   1.200  3.48218   9.49980e+10  6294.2    2.624  1.52701e-01  1.8675e-02
  167   1.200  3.48672   9.50343e+10  6293.8    2.626  1.51427e-01  1.8694e-02
  168   1.200  3.49119   9.50701e+10  6293.3    2.627  1.50167e-01  1.8682e-02
  169   1.200  3.49564   9.51056e+10  6292.9    2.628  1.48913e-01  1.8683e-02
  170   1.200  3.50005   9.51409e+10  6292.4    2.629  1.47666e-01  1.8681e-02
  171   1.200  3.50444   9.51760e+10  6292.0    2.630  1.46425e-01  1.8654e-02
  172   1.200  3.50879   9.52109e+10  6291.6    2.632  1.45190e-01  1.8649e-02
  173   1.200  3.51310   9.52457e+10  6291.1    2.633  1.43964e-01  1.8678e-02
  174   1.200  3.51740   9.52803e+10  6290.7    2.634  1.42740e-01  1.8650e-02
  175   1.200  3.52166   9.53148e+10  6290.3    2.635  1.41523e-01  1.8639e-02
  176   1.200  3.52589   9.53491e+10  6289.9    2.636  1.40313e-01  1.8628e-02
  177   1.200  3.53009   9.53832e+10  6289.5    2.638  1.39109e-01  1.8613e-02
  178   1.200  3.53426   9.54172e+10  6289.1    2.639  1.37910e-01  1.8600e-02
  179   1.200  3.53840   9.54509e+10  6288.6    2.640  1.36718e-01  1.8587e-02
  180   1.200  3.54251   9.54844e+10  6288.2    2.641  1.35532e-01  1.8572e-02
  181   1.200  3.54660   9.55179e+10  6287.9    2.642  1.34352e-01  1.8556e-02
  182   1.200  3.55065   9.55513e+10  6287.5    2.644  1.33178e-01  1.8537e-02
  183   1.200  3.55468   9.55845e+10  6287.1    2.645  1.32010e-01  1.8518e-02
  184   1.200  3.55868   9.56175e+10  6286.7    2.646  1.30847e-01  1.8498e-02
  185   1.200  3.56265   9.56505e+10  6286.3    2.647  1.29691e-01  1.8476e-02
  186   1.200  3.56659   9.56832e+10  6285.9    2.648  1.28540e-01  1.8453e-02
  187   1.200  3.57050   9.57159e+10  6285.6    2.650  1.27395e-01  1.8429e-02
  188   1.200  3.57439   9.57484e+10  6285.2    2.651  1.26255e-01  1.8404e-02
  189   1.200  3.57825   9.57807e+10  6284.9    2.652  1.25122e-01  1.8378e-02
  190   1.200  3.58208   9.58129e+10  6284.5    2.653  1.23994e-01  1.8350e-02
  191   1.200  3.58589   9.58449e+10  6284.2    2.654  1.22872e-01  1.8320e-02
  192   1.200  3.58967   9.58768e+10  6283.8    2.656  1.21755e-01  1.8290e-02
  193   1.200  3.59342   9.59086e+10  6283.5    2.657  1.20644e-01  1.8259e-02
  194   1.200  3.59715   9.59402e+10  6283.2    2.658  1.19538e-01  1.8225e-02
  195   1.200  3.60085   9.59717e+10  6282.9    2.659  1.18439e-01  1.8191e-02
  196   1.200  3.60452   9.60032e+10  6282.5    2.660  1.17344e-01  1.8156e-02
  197   1.200  3.60817   9.60344e+10  6282.2    2.661  1.16255e-01  1.8119e-02
  198   1.200  3.61180   9.60656e+10  6281.9    2.663  1.15172e-01  1.8081e-02
  199   1.200  3.61539   9.60965e+10  6281.6    2.664  1.14094e-01  1.8042e-02
  200   1.200  3.61897   9.61274e+10  6281.3    2.665  1.13021e-01  1.8001e-02
  201   1.200  3.62252   9.61581e+10  6281.0    2.666  1.11954e-01  1.7960e-02
  202   1.200  3.62604   9.61888e+10  6280.7    2.668  1.10892e-01  1.7917e-02
  203   1.200  3.62954   9.62193e+10  6280.4    2.669  1.09836e-01  1.7872e-02
  204   1.200  3.63302   9.62497e+10  6280.2    2.670  1.08784e-01  1.7826e-02
  205   1.200  3.63647   9.62800e+10  6279.9    2.671  1.07739e-01  1.7779e-02
  206   1.200  3.63989   9.63102e+10  6279.6    2.672  1.06698e-01  1.7731e-02
  207   1.200  3.64330   9.63402e+10  6279.4    2.674  1.05662e-01  1.7681e-02
  208   1.200  3.64668   9.63702e+10  6279.1    2.675  1.04632e-01  1.7630e-02
  209   1.200  3.65003   9.64001e+10  6278.9    2.676  1.03607e-01  1.7577e-02
  210   1.200  3.65337   9.64298e+10  6278.7    2.677  1.02587e-01  1.7523e-02
  211   1.200  3.65668   9.64595e+10  6278.4    2.679  1.01572e-01  1.7468e-02
  212   1.200  3.65996   9.64890e+10  6278.2    2.680  1.00562e-01  1.7411e-02
  213   1.200  3.66323   9.65185e+10  6278.0    2.681  9.95575e-02  1.7353e-02
  214   1.200  3.66647   9.65478e+10  6277.8    2.682  9.85578e-02  1.7293e-02
  215   1.200  3.66969   9.65771e+10  6277.6    2.684  9.75631e-02  1.7233e-02
  216   1.200  3.67289   9.66062e+10  6277.4    2.685  9.65734e-02  1.7170e-02
  217   1.200  3.67606   9.66353e+10  6277.2    2.686  9.55886e-02  1.7106e-02
  218   1.200  3.67922   9.66643e+10  6277.0    2.688  9.46088e-02  1.7040e-02
  219   1.200  3.68235   9.66931e+10  6276.8    2.689  9.36339e-02  1.6973e-02
  220   1.200  3.68546   9.67220e+10  6276.6    2.690  9.26639e-02  1.6905e-02
  221   1.200  3.68855   9.67507e+10  6276.5    2.692  9.16988e-02  1.6835e-02
  222   1.200  3.69162   9.67793e+10  6276.3    2.693  9.07385e-02  1.6764e-02
  223   1.200  3.69466   9.68079e+10  6276.2    2.694  8.97830e-02  1.6690e-02
  224   1.200  3.69769   9.68363e+10  6276.0    2.696  8.88323e-02  1.6616e-02
  225   1.200  3.70070   9.68647e+10  6275.9    2.697  8.78863e-02  1.6539e-02
  226   1.200  3.70368   9.68931e+10  6275.8    2.698  8.69451e-02  1.6461e-02
  227   1.200  3.70665   9.69213e+10  6275.6    2.700  8.60086e-02  1.6382e-02
  228   1.200  3.70959   9.69495e+10  6275.5    2.701  8.50769e-02  1.6300e-02
  229   1.200  3.71251   9.69777e+10  6275.4    2.702  8.41497e-02  1.6218e-02
  230   1.200  3.71542   9.70057e+10  6275.3    2.704  8.32273e-02  1.6133e-02
  231   1.200  3.71830   9.70337e+10  6275.2    2.705  8.23094e-02  1.6047e-02
  232   1.200  3.72117   9.70617e+10  6275.2    2.707  8.13962e-02  1.5959e-02
  233   1.200  3.72401   9.70896e+10  6275.1    2.708  8.04875e-02  1.5869e-02
  234   1.200  3.72684   9.71175e+10  6275.0    2.709  7.95834e-02  1.5778e-02
  235   1.200  3.72964   9.71453e+10  6275.0    2.711  7.86839e-02  1.5684e-02
  236   1.200  3.73243   9.71730e+10  6274.9    2.712  7.77888e-02  1.5589e-02
  237   1.200  3.73520   9.72007e+10  6274.9    2.714  7.68982e-02  1.5492e-02
  238   1.200  3.73795   9.72284e+10  6274.8    2.715  7.60121e-02  1.5393e-02
  239   1.200  3.74068   9.72560e+10  6274.8    2.717  7.51305e-02  1.5293e-02
  240   1.200  3.74339   9.72836e+10  6274.8    2.718  7.42533e-02  1.5190e-02
  241   1.200  3.74609   9.73112e+10  6274.8    2.720  7.33804e-02  1.5085e-02
  242   1.200  3.74876   9.73387e+10  6274.8    2.721  7.25120e-02  1.4978e-02
  243   1.200  3.75142   9.73662e+10  6274.8    2.723  7.16479e-02  1.4870e-02
  244   1.200  3.75406   9.73936e+10  6274.8    2.724  7.07881e-02  1.4759e-02
  245   1.200  3.75669   9.74211e+10  6274.8    2.726  6.99326e-02  1.4646e-02
  246   1.200  3.75929   9.74485e+10  6274.9    2.728  6.90815e-02  1.4531e-02
  247   1.200  3.76188   9.74760e+10  6274.9    2.729  6.82346e-02  1.4414e-02
  248   1.200  3.76445   9.75034e+10  6274.9    2.731  6.73920e-02  1.4295e-02
  249   1.200  3.76700   9.75308e+10  6275.0    2.733  6.65536e-02  1.4173e-02
  250   1.200  3.76954   9.75582e+10  6275.1    2.734  6.57194e-02  1.4049e-02
  251   1.200  3.77206   9.75856e+10  6275.2    2.736  6.48893e-02  1.3923e-02
  252   1.200  3.77456   9.76130e+10  6275.2    2.738  6.40635e-02  1.3795e-02
  253   1.200  3.77705   9.76405e+10  6275.4    2.739  6.32418e-02  1.3664e-02
  254   1.200  3.77952   9.76679e+10  6275.4    2.741  6.24242e-02  1.3531e-02
  255   1.200  3.78197   9.76953e+10  6275.6    2.743  6.16108e-02  1.3395e-02
  256   1.200  3.78441   9.77228e+10  6275.7    2.744  6.08014e-02  1.3256e-02
  257   1.200  3.78683   9.77503e+10  6275.8    2.746  5.99961e-02  1.3116e-02
  258   1.200  3.78923   9.77779e+10  6276.0    2.748  5.91948e-02  1.2972e-02
  259   1.200  3.79162   9.78054e+10  6276.1    2.750  5.83976e-02  1.2826e-02
  260   1.200  3.79400   9.78330e+10  6276.3    2.752  5.76044e-02  1.2677e-02
  261   1.200  3.79636   9.78607e+10  6276.5    2.754  5.68151e-02  1.2525e-02
  262   1.200  3.79870   9.78884e+10  6276.7    2.755  5.60299e-02  1.2371e-02
  263   1.200  3.80103   9.79163e+10  6276.9    2.757  5.52485e-02  1.2210e-02
  264   1.200  3.80334   9.79440e+10  6277.1    2.759  5.44711e-02  1.2052e-02
  265   1.200  3.80564   9.79719e+10  6277.3    2.761  5.36977e-02  1.1886e-02
  266   1.200  3.80792   9.79997e+10  6277.5    2.763  5.29281e-02  1.1723e-02
  267   1.200  3.81019   9.80279e+10  6277.7    2.765  5.21624e-02  1.1550e-02
  268   1.200  3.81245   9.80559e+10  6278.0    2.767  5.14006e-02  1.1380e-02
  269   1.200  3.81469   9.80842e+10  6278.2    2.769  5.06426e-02  1.1201e-02
  270   1.200  3.81691   9.81123e+10  6278.5    2.771  4.98884e-02  1.1025e-02
  271   1.200  3.81913   9.81409e+10  6278.8    2.774  4.91380e-02  1.0838e-02
  272   1.200  3.82133   9.81693e+10  6279.1    2.776  4.83914e-02  1.0656e-02
  273   1.200  3.82351   9.81980e+10  6279.4    2.778  4.76486e-02  1.0462e-02
  274   1.200  3.82569   9.82266e+10  6279.7    2.780  4.69096e-02  1.0272e-02
  275   1.200  3.82784   9.82556e+10  6280.0    2.782  4.61742e-02  1.0070e-02
  276   1.200  3.82999   9.82844e+10  6280.3    2.784  4.54426e-02  9.8730e-03
  277   1.200  3.83212   9.83137e+10  6280.7    2.787  4.47147e-02  9.6634e-03
  278   1.200  3.83425   9.83428e+10  6281.1    2.789  4.39905e-02  9.4583e-03
  279   1.200  3.83635   9.83724e+10  6281.4    2.791  4.32699e-02  9.2406e-03
  280   1.200  3.83845   9.84019e+10  6281.8    2.794  4.25530e-02  9.0277e-03
  281   1.200  3.84053   9.84317e+10  6282.2    2.796  4.18397e-02  8.8009e-03
  282   1.200  3.84261   9.84615e+10  6282.6    2.798  4.11301e-02  8.5792e-03
  283   1.200  3.84467   9.84918e+10  6283.0    2.801  4.04240e-02  8.3432e-03
  284   1.200  3.84672   9.85220e+10  6283.4    2.803  3.97216e-02  8.1128e-03
  285   1.200  3.84876   9.85527e+10  6283.9    2.806  3.90227e-02  7.8669e-03
  286   1.200  3.85078   9.85832e+10  6284.3    2.808  3.83273e-02  7.6271e-03
  287   1.200  3.85280   9.86144e+10  6284.7    2.811  3.76356e-02  7.3710e-03
  288   1.200  3.85481   9.86454e+10  6285.2    2.814  3.69473e-02  7.1216e-03
  289   1.200  3.85680   9.86769e+10  6285.7    2.816  3.62626e-02  6.8550e-03
  290   1.200  3.85879   9.87084e+10  6286.2    2.819  3.55813e-02  6.5956e-03
  291   1.200  3.86077   9.87404e+10  6286.7    2.822  3.49036e-02  6.3178e-03
  292   1.200  3.86273   9.87724e+10  6287.2    2.824  3.42292e-02  6.0444e-03
  293   1.200  3.86469   9.88048e+10  6287.7    2.827  3.35584e-02  5.7589e-03
  294   1.200  3.86664   9.88373e+10  6288.2    2.830  3.28910e-02  5.4713e-03
  295   1.200  3.86858   9.88700e+10  6288.7    2.833  3.22270e-02  5.1786e-03
  296   1.200  3.87051   9.89030e+10  6289.2    2.836  3.15664e-02  4.8805e-03
  297   1.200  3.87244   9.89362e+10  6289.8    2.838  3.09093e-02  4.5772e-03
  298   1.200  3.87435   9.89696e+10  6290.3    2.841  3.02555e-02  4.2691e-03
  299   1.200  3.87626   9.90033e+10  6290.9    2.844  2.96051e-02  3.9563e-03
  300   1.200  3.87817   9.90372e+10  6291.4    2.847  2.89581e-02  3.6392e-03
  301   1.200  3.88006   9.90713e+10  6291.9    2.850  2.83145e-02  3.3187e-03
  302   1.200  3.88195   9.91055e+10  6292.5    2.853  2.76742e-02  2.9953e-03
  303   1.200  3.88384   9.91398e+10  6293.0    2.856  2.70372e-02  2.6701e-03
  304   1.200  3.88572   9.91742e+10  6293.6    2.859  2.64035e-02  2.3444e-03
  305   1.200  3.88759   9.92086e+10  6294.1    2.862  2.57731e-02  2.0198e-03
  306   1.200  3.88946   9.92428e+10  6294.6    2.865  2.51459e-02  1.6986e-03
  307   1.200  3.89133   9.92770e+10  6295.1    2.868  2.45220e-02  1.3836e-03
  308   1.200  3.89319   9.93109e+10  6295.6    2.871  2.39013e-02  1.0788e-03
  309   1.200  3.89504   9.93444e+10  6296.1    2.873  2.32838e-02  7.8914e-04
  310   1.200  3.89690   9.93775e+10  6296.5    2.876  2.26693e-02  5.2149e-04
  311   1.200  3.89875   9.94100e+10  6297.0    2.879  2.20579e-02  2.8576e-04
  312   1.200  3.90060   9.94418e+10  6297.4    2.881  2.14495e-02  9.7655e-05
  313   1.200  3.90244   9.94728e+10  6297.7    2.884  2.08435e-02  0.0000e+00
  314   1.200  3.90503   9.95151e+10  6298.2    2.887  2.00405e-02  0.0000e+00
  315   1.200  3.90864   9.95729e+10  6298.7    2.891  1.90054e-02  0.0000e+00
  316   1.200  3.91370   9.96515e+10  6299.3    2.897  1.77044e-02  0.0000e+00
  317   1.200  3.92079   9.97575e+10  6299.9    2.904  1.61177e-02  0.0000e+00
  318   1.200  3.93071   9.98999e+10  6300.4    2.913  1.42515e-02  0.0000e+00
  319   1.200  3.94459   1.00091e+11  6300.6    2.925  1.21445e-02  0.0000e+00
  320   1.200  3.96307   1.00337e+11  6300.4    2.939  9.97494e-03  0.0000e+00
  321   1.200  3.98450   1.00613e+11  6299.6    2.954  8.06873e-03  0.0000e+00
  322   1.200  4.00531   1.00876e+11  6298.6    2.967  6.64451e-03  0.0000e+00
  323   1.200  4.02558   1.01131e+11  6297.4    2.980  5.54187e-03  0.0000e+00
  324   1.200  4.04537   1.01378e+11  6296.0    2.992  4.66643e-03  0.0000e+00
  325   1.200  4.06471   1.01620e+11  6294.5    3.004  3.95742e-03  0.0000e+00
  326   1.200  4.08367   1.01857e+11  6293.0    3.015  3.37509e-03  0.0000e+00
  327   1.200  4.10228   1.02091e+11  6291.5    3.026  2.89053e-03  0.0000e+00
  328   1.200  4.12057   1.02322e+11  6289.9    3.036  2.48394e-03  0.0000e+00
  329   1.200  4.13859   1.02551e+11  6288.2    3.047  2.14002e-03  0.0000e+00
  330   1.200  4.15636   1.02778e+11  6286.6    3.057  1.84766e-03  0.0000e+00
  331   1.200  4.17392   1.03005e+11  6284.9    3.067  1.59648e-03  0.0000e+00
  332   1.200  4.19129   1.03231e+11  6283.2    3.077  1.38060e-03  0.0000e+00
  333   1.200  4.20848   1.03457e+11  6281.5    3.087  1.19440e-03  0.0000e+00
  334   1.200  4.22552   1.03682e+11  6279.8    3.098  1.03332e-03  0.0000e+00
  335   1.200  4.24242   1.03909e+11  6278.1    3.108  8.93675e-04  0.0000e+00
