# Input file:  csum.d.01000.Z171479742.X71418029220.a187982123230.o0.27.s
#
# Model M/Msun age (Gyr)    R (cm)   Teff (K)  L/Lsun      Xc           qc
#
    1   1.000  0.00000   6.18621e+10  5644.8    0.720  7.14180e-01  0.0000e+00
    2   1.000  0.00063   6.18622e+10  5644.8    0.720  7.14126e-01  0.0000e+00
    3   1.000  0.02305   6.18847e+10  5645.1    0.721  7.12472e-01  0.0000e+00
    4   1.000  0.06787   6.19463e+10  5646.7    0.723  7.09128e-01  0.0000e+00
    5   1.000  0.13063   6.20187e+10  5648.3    0.725  7.04463e-01  0.0000e+00
    6   1.000  0.21849   6.21343e+10  5651.1    0.729  6.97892e-01  0.0000e+00
    7   1.000  0.34150   6.22857e+10  5654.7    0.735  6.88693e-01  0.0000e+00
    8   1.000  0.51371   6.25131e+10  5660.0    0.743  6.75733e-01  0.0000e+00
    9   1.000  0.75480   6.28281e+10  5667.2    0.754  6.57512e-01  0.0000e+00
   10   1.000  1.00526   6.31748e+10  5674.8    0.767  6.38427e-01  0.0000e+00
   11   1.000  1.24759   6.35121e+10  5682.1    0.779  6.19851e-01  0.0000e+00
   12   1.000  1.48229   6.38573e+10  5689.2    0.792  6.01719e-01  0.0000e+00
   13   1.000  1.70940   6.41935e+10  5696.1    0.804  5.84069e-01  0.0000e+00
   14   1.000  1.92941   6.45369e+10  5702.8    0.816  5.66845e-01  0.0000e+00
   15   1.000  2.14241   6.48719e+10  5709.2    0.828  5.50075e-01  0.0000e+00
   16   1.000  2.34879   6.52133e+10  5715.4    0.841  5.33711e-01  0.0000e+00
   17   1.000  2.54863   6.55468e+10  5721.4    0.853  5.17774e-01  0.0000e+00
   18   1.000  2.74227   6.58855e+10  5727.1    0.865  5.02226e-01  0.0000e+00
   19   1.000  2.92983   6.62170e+10  5732.6    0.877  4.87082e-01  0.0000e+00
   20   1.000  3.11158   6.65527e+10  5737.9    0.890  4.72310e-01  0.0000e+00
   21   1.000  3.28766   6.68818e+10  5743.0    0.902  4.57919e-01  0.0000e+00
   22   1.000  3.45831   6.72140e+10  5747.9    0.914  4.43884e-01  0.0000e+00
   23   1.000  3.62368   6.75402e+10  5752.5    0.926  4.30210e-01  0.0000e+00
   24   1.000  3.78398   6.78684e+10  5757.0    0.937  4.16876e-01  0.0000e+00
   25   1.000  3.93935   6.81915e+10  5761.2    0.949  4.03883e-01  0.0000e+00
   26   1.000  4.09001   6.85154e+10  5765.3    0.961  3.91216e-01  0.0000e+00
   27   1.000  4.23609   6.88351e+10  5769.2    0.973  3.78873e-01  0.0000e+00
   28   1.000  4.37779   6.91544e+10  5772.8    0.984  3.66840e-01  0.0000e+00
   29   1.000  4.51526   6.94704e+10  5776.4    0.996  3.55115e-01  0.0000e+00
   30   1.000  4.64869   6.97852e+10  5779.7    1.007  3.43687e-01  0.0000e+00
   31   1.000  4.77821   7.00976e+10  5782.9    1.018  3.32551e-01  0.0000e+00
   32   1.000  4.90401   7.04078e+10  5785.8    1.029  3.21698e-01  0.0000e+00
   33   1.000  5.02622   7.07167e+10  5788.7    1.040  3.11123e-01  0.0000e+00
   34   1.000  5.14503   7.10227e+10  5791.4    1.051  3.00817e-01  0.0000e+00
   35   1.000  5.26056   7.13280e+10  5794.0    1.062  2.90775e-01  0.0000e+00
   36   1.000  5.37297   7.16299e+10  5796.4    1.073  2.80988e-01  0.0000e+00
   37   1.000  5.48239   7.19321e+10  5798.8    1.084  2.71452e-01  0.0000e+00
   38   1.000  5.58897   7.22303e+10  5800.9    1.095  2.62159e-01  0.0000e+00
   39   1.000  5.69281   7.25297e+10  5803.0    1.105  2.53102e-01  0.0000e+00
   40   1.000  5.79404   7.28244e+10  5804.9    1.116  2.44274e-01  0.0000e+00
   41   1.000  5.89275   7.31210e+10  5806.8    1.126  2.35670e-01  0.0000e+00
   42   1.000  5.98904   7.34126e+10  5808.6    1.137  2.27282e-01  0.0000e+00
   43   1.000  6.08298   7.37063e+10  5810.2    1.147  2.19104e-01  0.0000e+00
   44   1.000  6.17464   7.39947e+10  5811.8    1.157  2.11130e-01  0.0000e+00
   45   1.000  6.26405   7.42853e+10  5813.3    1.168  2.03352e-01  0.0000e+00
   46   1.000  6.35125   7.45700e+10  5814.6    1.178  1.95766e-01  0.0000e+00
   47   1.000  6.43626   7.48567e+10  5815.9    1.188  1.88365e-01  0.0000e+00
   48   1.000  6.51907   7.51370e+10  5817.1    1.198  1.81144e-01  0.0000e+00
   49   1.000  6.59968   7.54187e+10  5818.2    1.208  1.74096e-01  0.0000e+00
   50   1.000  6.67808   7.56931e+10  5819.1    1.217  1.67218e-01  0.0000e+00
   51   1.000  6.75422   7.59681e+10  5820.1    1.227  1.60503e-01  0.0000e+00
   52   1.000  6.82808   7.62351e+10  5820.8    1.236  1.53948e-01  0.0000e+00
   53   1.000  6.89963   7.65015e+10  5821.6    1.245  1.47548e-01  0.0000e+00
   54   1.000  6.96883   7.67592e+10  5822.1    1.254  1.41301e-01  0.0000e+00
   55   1.000  7.03567   7.70152e+10  5822.7    1.263  1.35202e-01  0.0000e+00
   56   1.000  7.10011   7.72616e+10  5823.1    1.272  1.29250e-01  0.0000e+00
   57   1.000  7.16218   7.75053e+10  5823.4    1.280  1.23441e-01  0.0000e+00
   58   1.000  7.22187   7.77391e+10  5823.6    1.288  1.17774e-01  0.0000e+00
   59   1.000  7.27923   7.79692e+10  5823.7    1.296  1.12245e-01  0.0000e+00
   60   1.000  7.33428   7.81895e+10  5823.8    1.303  1.06855e-01  0.0000e+00
   61   1.000  7.38711   7.84055e+10  5823.8    1.310  1.01601e-01  0.0000e+00
   62   1.000  7.43780   7.86122e+10  5823.7    1.317  9.64813e-02  0.0000e+00
   63   1.000  7.48644   7.88144e+10  5823.5    1.324  9.14948e-02  0.0000e+00
   64   1.000  7.53314   7.90083e+10  5823.3    1.330  8.66399e-02  0.0000e+00
   65   1.000  7.57803   7.91977e+10  5823.0    1.336  8.19151e-02  0.0000e+00
   66   1.000  7.62125   7.93801e+10  5822.6    1.342  7.73186e-02  0.0000e+00
   67   1.000  7.66294   7.95586e+10  5822.3    1.348  7.28488e-02  0.0000e+00
   68   1.000  7.70324   7.97317e+10  5821.9    1.353  6.85036e-02  0.0000e+00
   69   1.000  7.74232   7.99016e+10  5821.4    1.358  6.42812e-02  0.0000e+00
   70   1.000  7.78033   8.00679e+10  5821.0    1.364  6.01793e-02  0.0000e+00
   71   1.000  7.81745   8.02321e+10  5820.5    1.369  5.61960e-02  0.0000e+00
   72   1.000  7.85383   8.03946e+10  5820.0    1.374  5.23288e-02  0.0000e+00
   73   1.000  7.88966   8.05564e+10  5819.5    1.379  4.85748e-02  0.0000e+00
   74   1.000  7.92512   8.07185e+10  5818.9    1.384  4.49350e-02  0.0000e+00
   75   1.000  7.96040   8.08816e+10  5818.4    1.389  4.14035e-02  0.0000e+00
   76   1.000  7.99572   8.10475e+10  5817.9    1.394  3.79805e-02  0.0000e+00
   77   1.000  8.03117   8.12160e+10  5817.3    1.400  3.46748e-02  0.0000e+00
   78   1.000  8.06676   8.13883e+10  5816.8    1.405  3.15046e-02  0.0000e+00
   79   1.000  8.10251   8.15635e+10  5816.3    1.411  2.84848e-02  0.0000e+00
   80   1.000  8.13844   8.17430e+10  5815.8    1.416  2.56298e-02  0.0000e+00
   81   1.000  8.17453   8.19258e+10  5815.3    1.422  2.29501e-02  0.0000e+00
   82   1.000  8.21080   8.21132e+10  5814.8    1.428  2.04540e-02  0.0000e+00
   83   1.000  8.24724   8.23039e+10  5814.3    1.434  1.81457e-02  0.0000e+00
   84   1.000  8.28383   8.24996e+10  5813.8    1.441  1.60269e-02  0.0000e+00
   85   1.000  8.32055   8.26988e+10  5813.3    1.447  1.40953e-02  0.0000e+00
   86   1.000  8.35739   8.29021e+10  5812.8    1.454  1.23463e-02  0.0000e+00
   87   1.000  8.39432   8.31090e+10  5812.3    1.461  1.07723e-02  0.0000e+00
   88   1.000  8.43132   8.33205e+10  5811.8    1.467  9.36437e-03  0.0000e+00
   89   1.000  8.46835   8.35349e+10  5811.2    1.474  8.11275e-03  0.0000e+00
   90   1.000  8.50540   8.37531e+10  5810.7    1.482  7.00466e-03  0.0000e+00
   91   1.000  8.54243   8.39747e+10  5810.1    1.489  6.02833e-03  0.0000e+00
   92   1.000  8.57941   8.41995e+10  5809.6    1.496  5.17253e-03  0.0000e+00
   93   1.000  8.61632   8.44273e+10  5809.0    1.504  4.42499e-03  0.0000e+00
   94   1.000  8.65313   8.46582e+10  5808.3    1.511  3.77474e-03  0.0000e+00
   95   1.000  8.68981   8.48919e+10  5807.7    1.519  3.21075e-03  0.0000e+00
   96   1.000  8.72636   8.51282e+10  5807.0    1.527  2.72357e-03  0.0000e+00
   97   1.000  8.76274   8.53674e+10  5806.2    1.535  2.30372e-03  0.0000e+00
   98   1.000  8.79893   8.56088e+10  5805.5    1.542  1.94464e-03  0.0000e+00
   99   1.000  8.83492   8.58524e+10  5804.7    1.550  1.63621e-03  0.0000e+00
  100   1.000  8.87070   8.60995e+10  5803.9    1.558  1.37282e-03  0.0000e+00
  101   1.000  8.90623   8.63474e+10  5803.0    1.566  1.14862e-03  0.0000e+00
  102   1.000  8.94153   8.65985e+10  5802.1    1.575  9.58345e-04  0.0000e+00
